A102S9W 100 2017 07 06.4  20.1478 -18.5745 18.4 Added July 6.69 UT               4   0.03 25.2  0.292
P10BNcq 100 2017 07 05.5  22.5835  -9.3494 22.0 Added July 5.79 UT               4   0.03 20.8  1.157
P10BNcp 100 2017 07 05.5  22.5485 -10.1438 20.5 Added July 5.79 UT               3   0.03 21.2  1.158
P10BMOW 100 2017 07 05.5  23.2042  -9.4351 21.3 Added July 5.79 UT               3   0.02 24.2  1.165
P10BMK7 100 2017 07 05.5  22.2520 -10.0117 22.1 Added July 5.78 UT               4   0.03 21.8  1.159
P10BMfm 100 2017 07 04.5  21.9038 -16.4872 20.5 Added July 4.84 UT               4   0.03 18.9  2.172
P10BMfl 100 2017 07 04.5  21.5291 -17.8479 21.4 Added July 4.83 UT               3   0.02 20.4  2.177
P10BMfk 100 2017 07 04.5  21.4726 -17.3797 19.4 Added July 4.83 UT               4   0.03 18.9  2.177
P10BMfh  96 2017 07 04.5  21.7936 -25.0763 20.0 Added July 4.83 UT               3   0.02 18.6  2.174
P10BLsL 100 2017 07 04.4  22.8405 +23.7046 20.2 Added July 4.82 UT               3   0.04 17.8  2.221
P10BLsK 100 2017 07 04.4  22.5093 +17.1163 20.7 Added July 4.81 UT               3   0.04 18.9  2.226
P10BLqy 100 2017 07 04.5  20.8765 -14.4466 21.6 Added July 4.77 UT               3   0.02 21.2  2.192
P10BLqw 100 2017 07 04.5  21.1127 -21.7592 20.2 Added July 4.76 UT               3   0.03 22.9  2.176
P10BLqx 100 2017 07 04.5  21.0059 -20.4787 21.4 Added July 4.76 UT               3   0.02 22.1  2.179
JCMG007 100 2017 07 04.6  18.5283 -60.3506 20.3 Added July 4.75 UT               4   0.05 21.0  2.056
N00bky0 100 2017 06 30.0   0.6306  +9.7384 20.3 Added July 4.03 UT              10   2.03 18.9  4.697
YNA363E 100 2017 07 03.3  22.2769  +1.4308 20.6 Updated July 3.43 UT             6   0.07 18.3  3.340
YN15B66 100 2017 07 02.3  20.7939 -17.6612 20.3 Added July 2.43 UT               3   0.02 25.7  4.388
YNA2C68 100 2017 07 02.3  18.8170 -28.2441 19.9 Updated July 2.45 UT             8   0.11 24.0  4.322
YNA294F 100 2017 07 02.2  16.5849  -6.3606 20.6 Updated July 2.36 UT             8   0.07 21.4  4.416
YNA2450  98 2017 07 01.3  19.3818 -42.5297 16.4 Updated July 1.44 UT            12   0.06 26.5  5.320
YNA238A 100 2017 07 01.2  15.2022  +6.0708 20.7 Updated July 2.19 UT            10   0.93 23.7  4.584
YNA2303  89 2017 07 01.2  16.3490 -15.3035 18.9 Updated July 2.19 UT            19   0.97 26.6  4.578
M511Hb9 100 2017 06 30.9   9.8460 +16.3791 99.9 Updated July 1.36 UT             3   0.00 33.6  5.772
N00bk8h  35 2017 06 27.6   2.7691 -30.8716 20.9 Updated July 2.07 UT            16   3.52 20.1  5.615
