P10BMfm 100 2017 07 04.5  21.8936 -16.4875 20.6 Added July 4.84 UT               4   0.03 18.9  1.172
P10BMfl 100 2017 07 04.5  21.5137 -17.7798 21.4 Added July 4.83 UT               3   0.02 20.4  1.177
P10BMfk 100 2017 07 04.5  21.4486 -17.2433 19.5 Added July 4.83 UT               4   0.03 18.9  1.177
P10BMfh  96 2017 07 04.5  21.7780 -24.8064 20.1 Added July 4.83 UT               3   0.02 18.6  1.175
P10BLsL 100 2017 07 04.4  22.8295 +23.0778 20.2 Added July 4.82 UT               3   0.04 17.8  1.221
P10BLsK 100 2017 07 04.4  22.4942 +16.8071 20.8 Added July 4.81 UT               3   0.04 18.9  1.226
P10BLqy 100 2017 07 04.5  20.9118 -14.5759 21.6 Added July 4.77 UT               3   0.02 21.2  1.193
P10BLqw 100 2017 07 04.5  21.2821 -20.8286 20.2 Added July 4.76 UT               3   0.03 22.9  1.177
P10BLqx 100 2017 07 04.5  21.0801 -20.0481 21.5 Added July 4.76 UT               3   0.02 22.1  1.180
JCMG007 100 2017 07 04.6  18.4927 -60.1124 20.3 Added July 4.75 UT               4   0.05 21.0  1.057
N00bky0 100 2017 06 30.0   0.5973  +9.4700 20.3 Added July 4.03 UT              10   2.03 18.9  3.698
YNA363E 100 2017 07 03.3  22.2621  +1.3565 20.6 Updated July 3.43 UT             6   0.07 18.3  2.341
YN15B66 100 2017 07 02.3  20.7854 -17.6872 20.0 Added July 2.43 UT               3   0.02 25.7  3.389
YNA2C68 100 2017 07 02.3  18.9774 -25.7632 19.6 Updated July 2.45 UT             8   0.11 24.0  3.323
YNA294F 100 2017 07 02.2  16.6608  -7.0150 20.5 Updated July 2.36 UT             8   0.07 21.4  3.417
YNA28DD  88 2017 07 02.1  13.5358 +31.6551 20.3 Updated July 5.49 UT            22   2.78 21.4  0.809
A102Pu6  35 2017 07 01.5  21.6298  -1.4782 19.5 Updated July 5.27 UT            31   3.28 17.0  0.950
YNA2450  98 2017 07 01.3  17.7863  -2.1627 17.5 Updated July 1.44 UT            12   0.06 26.5  4.321
YNA238A 100 2017 07 01.2  15.2189  +6.3402 20.8 Updated July 2.19 UT            10   0.93 23.7  3.584
YNA2303  89 2017 07 01.2  16.0911 -11.1380 19.4 Updated July 2.19 UT            19   0.97 26.6  3.579
M511Hb9 100 2017 06 30.9   9.8498 +16.3601 99.9 Updated July 1.36 UT             3   0.00 33.6  4.773
N00bk8h  35 2017 06 27.6   2.6812 -32.3680 20.9 Updated July 2.07 UT            16   3.52 20.1  4.615
A102O95 100 2017 06 28.4  23.8455  -6.8363 20.5 Updated June 28.95 UT            4   0.01 28.7  7.331
