YTBD425  98 2017 10 03.2  19.1885 +44.6044 19.3 Updated Oct. 3.30 UT             7   0.07 24.5  0.017
YT2379E 100 2017 10 03.1  16.8773 +47.3111 18.6 Updated Oct. 3.19 UT            10   0.07 21.5  0.128
N00c0cb 100 2017 09 29.6   7.1024 +40.5402 19.4 Added Oct. 3.01 UT              10   0.59 20.6  3.102
A104nX1 100 2017 10 02.5   8.3272  -4.1036 18.5 Added Oct. 2.87 UT               4   0.03 17.5  0.685
P10E3vv  77 2017 10 02.5   3.0853 -11.6191 20.6 Added Oct. 2.86 UT               3   0.02 18.2  0.762
P10E3vu  74 2017 10 02.5   3.1836 -14.6830 19.8 Added Oct. 2.86 UT               4   0.03 18.2  0.752
P10E3vw  43 2017 10 02.5   3.9307 -10.6818 20.3 Updated Oct. 2.91 UT             7  14.97 18.1  0.756
A104mHe 100 2017 10 02.3  22.0397  +9.1168 14.2 Added Oct. 2.72 UT               3   0.01 28.7  0.992
P10E3sI 100 2017 10 02.5   3.8863  -9.5358 21.3 Added Oct. 2.68 UT               3   0.02 21.7  0.768
YTBD3CF  74 2017 10 02.4   6.4318 +42.2816 20.4 Added Oct. 2.55 UT               4   0.02 15.7  0.816
YTBD29F  88 2017 10 02.4   1.7631 +43.5008 21.3 Updated Oct. 3.28 UT            17   0.86 20.6  0.042
YTBD1CA  90 2017 10 02.3   0.6720 +39.5491 20.0 Updated Oct. 2.69 UT            11   0.07 18.3  0.893
YTBD21A  51 2017 10 02.3   0.8797 +41.9405 20.9 Updated Oct. 2.70 UT             8   0.14 18.0  0.792
YTBD10F  85 2017 10 02.1   0.7246 +36.7335 20.0 Updated Oct. 3.19 UT            33   1.07 25.3  0.130
A104mH8  89 2017 10 01.4   2.8176 -16.0361 20.3 Added Oct. 2.10 UT               4   0.02 26.9  1.803
P10E3sH 100 2017 10 01.6   4.7301  -7.1366 21.8 Updated Oct. 2.95 UT            10   0.98 22.9  0.725
P10E3sG  75 2017 10 01.5   2.2174 -14.4894 20.2 Updated Oct. 1.92 UT            15  65.98 19.5  1.767
P10E3mH  70 2017 10 01.5   2.3075 -15.3091 20.8 Updated Oct. 1.79 UT             8  17.97 18.6  1.766
P10E3mI  99 2017 10 01.5   2.1726  -9.4535 20.6 Updated Oct. 2.27 UT             7   0.74 18.6  1.058
P10E2Q2  98 2017 10 01.4   2.1360 -23.7745 20.3 Updated Oct. 2.57 UT             7   0.90 26.5  0.942
YTBD0F8  52 2017 10 01.4   0.1301 +33.8541 20.9 Updated Oct. 3.17 UT            15   1.67 18.1  0.152
YTBD03B  86 2017 10 01.4   0.6408 +33.3008 20.5 Updated Oct. 2.16 UT            12   0.72 17.7  1.161
YTBD006  62 2017 10 01.3   0.2798 +34.8116 20.4 Updated Oct. 3.13 UT            14   1.75 17.7  0.190
YTBCFFF  85 2017 10 01.3   0.1054 +34.0625 21.5 Updated Oct. 3.16 UT            21   1.74 23.9  0.168
YTBCFF4  47 2017 10 01.3   0.0680 +33.9253 20.7 Updated Oct. 3.18 UT            15   1.77 18.1  0.137
YTBCFEA  75 2017 10 01.3   0.0280 +36.1931 21.1 Updated Oct. 2.13 UT            12   0.72 18.9  1.190
YTBCFE9  38 2017 10 01.3   0.0143 +36.8865 20.7 Updated Oct. 2.96 UT            20   0.97 18.0  0.939
YTBCFDF  78 2017 10 01.3  23.8912 +37.9522 20.6 Updated Oct. 3.12 UT            30   1.93 21.0  0.011
YTBCFAA  95 2017 10 01.3   0.6112 +27.0238 20.8 Updated Oct. 3.17 UT            16   1.79 24.7  0.151
YTBCFA6  75 2017 10 01.3   0.3902 +32.6815 20.7 Updated Oct. 2.15 UT            12   0.77 17.9  1.168
YTBCF8D  77 2017 10 01.3  23.9760 +31.2515 21.0 Updated Oct. 2.88 UT             7   1.08 19.7  0.859
YT228FF 100 2017 10 01.4   4.6792 +14.0128 19.6 Updated Oct. 1.49 UT             6   0.06 25.0  1.836
YT228DA  77 2017 10 01.3   3.7496 +29.6190 19.7 Updated Oct. 2.57 UT            24   1.03 19.3  0.887
YTBCEFF  51 2017 10 01.3   3.5273 +34.2422 21.1 Updated Oct. 2.37 UT            11   0.97 18.0  0.955
YTBCE98  73 2017 10 01.3  23.5296 +31.2579 21.2 Updated Oct. 2.96 UT            10   6.77 18.6  1.204
YTBCE96  61 2017 10 01.3  23.5418 +32.3579 21.1 Updated Oct. 2.96 UT            19   3.77 18.7  1.060
YTBCE5D  98 2017 10 01.3  23.5389 +40.2028 22.8 Updated Oct. 2.14 UT            11   0.79 29.4  1.179
YT22524 100 2017 10 01.2   1.5342 +24.2951 18.4 Added Oct. 1.32 UT               3   0.01 20.1  2.006
P10E2ep  59 2017 09 30.5   4.8955  +2.8113 21.4 Updated Oct. 1.67 UT            10  11.92 17.5  1.784
P10E2aT 100 2017 09 30.5   4.8935  +3.4999 21.7 Added Sept. 30.88 UT             4   0.03 19.7  2.684
P10E1ZQ  43 2017 09 30.5   3.1265  +0.5697 20.0 Updated Oct. 2.57 UT            23   1.99 17.2  0.780
P10E1RN 100 2017 09 30.5   3.1222  +4.3856 21.3 Added Sept. 30.86 UT             3   0.02 22.0  2.735
P10E0No  98 2017 09 30.3   0.5563 -44.1555 21.3 Added Sept. 30.83 UT             4   0.02 19.5  2.897
P10E0vw  78 2017 09 30.3  23.1394 +44.9677 21.4 Updated Oct. 3.19 UT            15   2.85 26.3  0.171
P10E0vf 100 2017 09 30.5   3.1850  +2.3327 21.8 Updated Oct. 3.08 UT            15   1.05 20.1  1.721
YS21DA8  58 2017 09 30.4   6.9890 +48.0964 18.4 Updated Oct. 3.06 UT            40   2.59 13.4  0.310
YSBCB7F  85 2017 09 30.4   1.8296 +13.4481 19.4 Updated Oct. 3.11 UT            37   2.66 25.3  0.209
YSBCB48  60 2017 09 30.4   1.2474 +28.1551 20.2 Updated Oct. 2.25 UT            20   1.80 18.3  1.071
YSBCB19  80 2017 09 30.4   0.9649 -16.8248 20.1 Updated Oct. 2.39 UT            31   1.74 28.0  1.103
YSBCA2F  83 2017 09 30.4   1.3488 +25.1028 20.1 Updated Oct. 3.09 UT            24   2.67 25.9  0.231
YSBC9D8 100 2017 09 30.4   0.5863 +27.9700 21.3 Added Sept. 30.45 UT             4   0.01 21.1  2.881
YSBC8F4  23 2017 09 30.3   0.0249 +29.2026 21.0 Updated Oct. 2.57 UT            20  12.81 18.7  0.869
YSBC874 100 2017 09 30.3  23.7835 +25.8538 21.5 Updated Sept. 30.47 UT           7   0.08 20.6  2.852
YSB9E03  35 2017 09 29.1  21.9973  -0.7577 21.1 Updated Oct. 2.17 UT            27  18.69 20.5  1.148
X52327  100 2017 09 28.7   4.9355  -3.4975 20.7 Updated Sept. 29.25 UT           3   0.04 18.8  4.500
X51955  100 2017 09 28.5   0.8834 +23.4206 20.8 Added Sept. 29.13 UT             3   0.03 20.8  4.689
P10DWms 100 2017 09 28.4  10.6393 +26.1736 26.2 Added Sept. 28.86 UT             3   0.04 28.2  4.850
P10DVyZ 100 2017 09 28.4  23.5830  -2.3643 22.4 Updated Sept. 30.33 UT           6   1.88 20.0  3.000
P10DVyP 100 2017 09 28.4  23.1330  -8.4679 22.5 Added Sept. 28.81 UT             3   0.04 25.3  4.852
YSB934E 100 2017 09 28.4   1.3967  -3.4551 21.5 Added Sept. 28.50 UT             4   0.03 20.4  4.827
YSB7F01 100 2017 09 28.3   3.7515 -15.4831 21.5 Updated Sept. 28.45 UT           7   0.03 27.4  4.879
YSB7852  98 2017 09 28.3   1.9014  -1.3732 21.9 Updated Sept. 28.46 UT          11   0.07 27.4  4.870
YSB731F 100 2017 09 28.3   0.6109  +8.7764 21.1 Added Sept. 28.40 UT             4   0.02 25.6  4.926
YS1D771  10 2017 09 28.3  23.8268 +21.2964 19.6 Updated Oct. 2.88 UT            80  27.45 18.6  0.454
YSB5EC9  98 2017 09 28.2  23.5868  +4.8291 21.4 Updated Sept. 28.43 UT           8   0.11 26.2  4.901
N00bzsy 100 2017 09 25.4   6.3142 +41.4888 20.0 Added Sept. 28.06 UT             7   0.79 19.4  7.030
YSB2A52 100 2017 09 27.3   2.9474  -2.2767 22.5 Updated Sept. 27.49 UT           8   0.07 27.1  5.908
P10DRF2 100 2017 09 26.5   1.5799 -35.6021 20.2 Updated Oct. 1.13 UT             6   3.93 22.7  2.830
P10DRI3  35 2017 09 26.5   3.7935 -27.1719 19.3 Updated Oct. 2.64 UT            18   5.86 14.8  0.898
P10DRGJ  72 2017 09 26.5   4.8397 -20.2679 21.3 Updated Oct. 1.41 UT             7   4.80 19.3  1.911
P10DRGG 100 2017 09 26.5   4.5518 -22.7407 20.6 Updated Oct. 1.49 UT             5   0.90 15.5  5.810
P10DQZ1 100 2017 09 26.4   2.3529  +4.9408 21.8 Added Sept. 26.82 UT             3   0.04 23.0  6.775
P10DN60 100 2017 09 26.4   0.1086  +9.2370 19.9 Updated Sept. 26.70 UT           3   0.03 23.4  6.837
YSB07C5  10 2017 09 26.4   5.3957  +9.0708 19.9 Updated Oct. 2.50 UT            36   5.93 10.7  0.917
P10DLg0 100 2017 09 25.5   4.4297 -41.3883 21.1 Updated Sept. 27.63 UT          10   1.76 19.7  6.007
P10DLgC 100 2017 09 25.5   4.0092 -34.6790 19.9 Updated Sept. 26.65 UT           9   0.81 18.6  6.963
P10DKQk  26 2017 09 25.2  22.8137 +29.2314 22.1 Updated Oct. 3.31 UT            17   8.00 19.6  0.024
P10DJUt 100 2017 09 25.4   0.6594  +3.4313 22.0 Updated Sept. 27.10 UT           5   0.08 24.6  7.796
P10DJUm  40 2017 09 25.3  23.8812 +32.0779 21.3 Updated Oct. 3.20 UT            15   7.85 18.5  0.125
P10DJUl  66 2017 09 25.3  23.9847 +26.3292 21.7 Updated Oct. 3.27 UT            13   7.92 21.1  0.051
P10DIit 100 2017 09 25.3  23.5088  -1.8273 22.7 Updated Sept. 26.64 UT           6   0.83 23.3  7.098
P10DHqS  69 2017 09 25.2  20.8996  +6.0107 22.0 Updated Sept. 26.31 UT           5   0.97 18.2  7.103
P10DHkh 100 2017 09 25.5   3.7025 -45.0309 22.2 Updated Sept. 26.62 UT           6   0.83 23.0  6.942
P10DHk9  95 2017 09 25.3  22.5343 +25.7727 21.7 Updated Oct. 3.24 UT            14   7.87 22.2  0.099
P10DHk5 100 2017 09 25.3  22.9755  -2.3898 21.9 Updated Sept. 26.56 UT           3   0.02 23.3  7.896
YSAE230  97 2017 09 25.4   7.0665 +59.6801 20.7 Updated Oct. 1.98 UT            14   6.05 16.1  1.837
P10DFyv 100 2017 09 24.4   1.2941  +1.2939 21.4 Updated Oct. 2.23 UT             9   7.79 21.8  1.102
P10DFyr  98 2017 09 24.4   2.5325 +11.0995 23.4 Updated Sept. 26.65 UT           6   1.10 27.6  7.795
P10DF0z 100 2017 09 24.3  22.6858  +4.1711 21.9 Updated Sept. 27.03 UT          10   2.66 19.5  6.326
P10DEd6 100 2017 09 24.5   4.9511 -45.4034 21.1 Updated Sept. 26.65 UT           7   1.03 18.9  7.706
P10DBiR 100 2017 09 24.2  22.3714 +31.9460 22.6 Updated Sept. 26.65 UT           6   1.11 20.0  7.915
P10DBiT 100 2017 09 24.2  21.6990 +26.9411 22.1 Updated Sept. 26.65 UT           6   1.11 23.6  7.928
P10DAWi 100 2017 09 24.2  21.1323  -3.5955 21.8 Updated Sept. 26.04 UT          10   0.87 23.5  8.202
P10DqVy  10 2017 09 21.5  23.4722 +31.8038 20.1 Updated Oct. 3.21 UT           107  11.68 20.3  0.113
P10DqgO  35 2017 09 21.4  23.2082 +12.3160 22.1 Updated Sept. 30.29 UT          21   8.81 19.0  3.036
P10DqgN  88 2017 09 21.4  23.1012  +7.0918 26.5 Updated Sept. 23.60 UT          15   0.86 29.1 10.983
P10Dm7l  35 2017 09 19.5  22.9672  +7.8810 19.9 Updated Sept. 30.90 UT         188  11.22 18.0  2.534
