P10E2ep  32 2017 09 30.5   4.8776  +3.0383 21.4 Updated Sept. 30.92 UT           8  11.03 17.5  0.684
P10E2aT  88 2017 09 30.5   4.8233  +4.6707 21.8 Added Sept. 30.88 UT             4   0.03 19.7  0.685
P10E1V3  51 2017 09 30.5   3.3395  -0.3751 20.3 Updated Sept. 30.96 UT          11  57.99 18.2  0.735
P10E1V4  86 2017 09 30.5   3.9807  +7.0480 20.2 Updated Sept. 30.89 UT           8   0.07 18.2  0.692
P10E1ZQ  63 2017 09 30.5   3.1181  +1.5104 20.1 Updated Oct. 1.08 UT             6   0.52 18.3  0.251
P10E1RN 100 2017 09 30.5   3.1659  +2.0471 21.4 Added Sept. 30.86 UT             3   0.02 22.0  0.736
P10E0No  73 2017 09 30.3   0.5798 -43.6812 21.2 Added Sept. 30.83 UT             4   0.02 19.5  0.898
P10E0vw  98 2017 09 30.3  22.9293 +39.5526 20.9 Updated Oct. 1.18 UT             6   0.86 26.4  0.153
P10E0vf  98 2017 09 30.5   3.2114  +2.7222 21.7 Updated Oct. 1.31 UT             7   0.76 19.5  0.013
YS21DA8  70 2017 09 30.4   7.0110 +47.4491 18.0 Updated Oct. 1.16 UT            17   0.73 12.2  0.163
YSBCB7F  93 2017 09 30.4   1.6669 +22.0302 19.9 Updated Oct. 1.17 UT            16   0.72 25.5  0.150
YSBCB48  85 2017 09 30.4   1.2800 +27.6799 20.2 Updated Oct. 1.21 UT            13   0.72 18.9  0.152
YSBCB19  98 2017 09 30.4   0.8139  +9.0548 18.3 Updated Oct. 1.19 UT            11   0.64 27.7  0.203
YSBCA2F 100 2017 09 30.4   0.9217 +27.6318 20.8 Updated Sept. 30.51 UT           8   0.07 25.8  0.826
YSBC9D8  85 2017 09 30.4   0.6250 +27.4686 21.4 Added Sept. 30.45 UT             4   0.01 21.1  0.881
YSBC8F4  43 2017 09 30.3   0.0787 +29.1898 21.1 Updated Oct. 1.14 UT            12   0.74 18.6  0.191
YSBC874 100 2017 09 30.3  23.8493 +25.8189 21.6 Updated Sept. 30.47 UT           7   0.08 20.6  0.852
P10E0uI  98 2017 09 29.6   5.1121 -22.2477 19.8 Updated Sept. 30.26 UT           8   0.36 17.7  1.326
P10DXH7  88 2017 09 29.5   2.7853  +4.8248 21.4 Updated Sept. 30.73 UT          15   0.96 28.1  0.771
P10DXaX  83 2017 09 29.5   2.1386  +5.6335 21.0 Updated Oct. 1.22 UT            24   8.64 24.6  0.098
YS216F7 100 2017 09 29.3   2.7760  +4.8886 21.8 Updated Sept. 29.65 UT           7   0.08 28.7  1.888
YSBBC7A  83 2017 09 29.2  22.8196  -4.2647 19.8 Updated Oct. 1.16 UT            25   1.88 24.5  0.167
YSB9E03 100 2017 09 29.1  22.1504  -2.7121 21.0 Updated Sept. 30.97 UT          23  16.77 20.5  1.075
X52327  100 2017 09 28.7   4.9297  -3.9738 20.8 Updated Sept. 29.25 UT           3   0.04 18.8  2.500
YSB986A  83 2017 09 29.1  21.7243  +8.2529 20.7 Updated Oct. 1.10 UT            24   1.98 24.1  0.218
X51947   86 2017 09 28.5   0.6415 +24.9420 20.1 Updated Oct. 1.22 UT            13   2.61 19.8  0.107
X51955  100 2017 09 28.5   0.8884 +23.1076 20.9 Added Sept. 29.13 UT             3   0.03 20.8  2.689
P10DWms 100 2017 09 28.4   9.5643 +48.1596 21.8 Added Sept. 28.86 UT             3   0.04 28.2  2.851
P10DVyZ 100 2017 09 28.4  23.6133  -1.9700 22.3 Updated Sept. 30.33 UT           6   1.88 20.0  1.001
P10DVz0  19 2017 09 28.4   0.0133  -2.0563 22.0 Updated Oct. 1.28 UT            18   8.82 20.0  0.050
P10DVyP 100 2017 09 28.4  23.1415  -6.6856 22.1 Added Sept. 28.81 UT             3   0.04 25.3  2.853
YSB934E 100 2017 09 28.4   1.4213  -2.2312 21.5 Added Sept. 28.50 UT             4   0.03 20.4  2.827
YSB7F01 100 2017 09 28.3   2.2222  -8.2358 20.9 Updated Sept. 28.45 UT           7   0.03 27.4  2.879
YSB7852  98 2017 09 28.3   1.2946  -0.5979 21.4 Updated Sept. 28.46 UT          11   0.07 27.4  2.870
YSB731F 100 2017 09 28.3   0.5108  +3.6407 20.7 Added Sept. 28.40 UT             4   0.02 25.6  2.927
YS1D771   0 2017 09 28.3  23.8717 +23.7341 19.6 Updated Oct. 1.28 UT            61  25.85 18.6  0.057
YSB5EC9  98 2017 09 28.2  23.6139  +4.4822 20.8 Updated Sept. 28.43 UT           8   0.11 26.2  2.901
YS1D634  83 2017 09 28.2   0.0453  +6.0677 19.7 Updated Oct. 1.12 UT            20   5.74 24.0  0.207
N00bzsy 100 2017 09 25.4   6.3016 +43.5136 20.1 Added Sept. 28.06 UT             7   0.79 19.4  5.031
YSB2A52 100 2017 09 27.3   2.9432  -0.6906 22.1 Updated Sept. 27.49 UT           8   0.07 27.1  3.908
P10DRF2 100 2017 09 26.5   1.9736 -35.3430 20.1 Updated Oct. 1.13 UT             6   3.93 22.7  0.830
P10DRI3  58 2017 09 26.5   3.8112 -27.1249 19.3 Updated Sept. 28.49 UT          15   1.93 14.7  2.829
P10DRGJ 100 2017 09 26.5   4.7842 -19.5982 21.2 Added Sept. 26.87 UT             4   0.03 18.9  4.682
P10DRGF 100 2017 09 26.5   4.7754 -17.5364 21.0 Updated Sept. 30.56 UT          11   3.91 18.5  0.800
P10DRGG 100 2017 09 26.5   4.5556 -22.4300 20.6 Added Sept. 26.85 UT             3   0.02 18.9  4.695
P10DQZ1 100 2017 09 26.4   2.2885  +4.0526 21.9 Added Sept. 26.82 UT             3   0.04 23.0  4.776
P10DN65  88 2017 09 26.6   3.9767 -24.2978 20.9 Updated Sept. 30.71 UT          19   3.90 19.6  0.805
P10DN60 100 2017 09 26.4   0.7337  +3.0442 19.9 Updated Sept. 26.70 UT           3   0.03 23.4  4.838
YSB07C5  10 2017 09 26.4   5.4060  +9.2573 20.0 Updated Oct. 1.13 UT            21   4.64 10.8  0.207
P10DLg0 100 2017 09 25.5   4.3299 -39.9339 21.1 Updated Sept. 27.63 UT          10   1.76 19.7  4.007
P10DLgC 100 2017 09 25.5   3.9528 -34.1232 20.0 Updated Sept. 26.65 UT           9   0.81 18.6  4.964
P10DKQk 100 2017 09 25.2  22.8389 +29.7440 22.1 Updated Sept. 28.07 UT          12   0.08 19.0  5.944
P10DKQd 100 2017 09 25.2  22.8283 +23.7953 22.2 Added Sept. 25.93 UT             3   0.03 20.5  5.994
P10DJUt 100 2017 09 25.4   0.7151  +2.4565 22.0 Updated Sept. 27.10 UT           5   0.08 24.6  5.797
P10DJUu 100 2017 09 25.4   1.0851  -2.1886 21.9 Updated Sept. 25.99 UT           6   0.05 22.4  5.810
P10DJUn  80 2017 09 25.3  23.4108 +32.7778 21.9 Updated Sept. 27.62 UT           7   1.82 19.0  4.151
P10DJSv 100 2017 09 25.3  23.2379 +33.0273 22.2 Added Sept. 25.88 UT             3   0.03 22.7  5.944
P10DJUq  70 2017 09 25.3  23.9323 +32.2916 21.9 Updated Sept. 27.64 UT           6   1.92 19.2  4.049
P10DJSu 100 2017 09 25.3  23.8510 +26.4530 22.1 Updated Sept. 30.90 UT          11   3.17 20.5  2.802
P10DJUh 100 2017 09 25.3  23.3387 +29.5773 21.4 Added Sept. 25.86 UT             3   0.03 19.5  5.939
P10DJUm 100 2017 09 25.3  23.9201 +32.3506 21.4 Added Sept. 25.86 UT             4   0.03 19.2  5.937
P10DJUk 100 2017 09 25.3  23.0750 +27.8288 22.2 Updated Sept. 26.71 UT           7   0.87 20.1  5.111
P10DJUl 100 2017 09 25.3  23.9960 +26.3827 21.7 Added Sept. 25.84 UT             3   0.03 21.4  5.935
P10DIit 100 2017 09 25.3  23.4791  -1.4576 22.5 Updated Sept. 26.64 UT           6   0.83 23.3  5.099
P10DHqS  69 2017 09 25.2  20.9013  +6.2232 22.0 Updated Sept. 26.31 UT           5   0.97 18.2  5.103
P10DHod 100 2017 09 25.2  20.3964  -2.6423 21.8 Added Sept. 25.79 UT             3   0.02 19.3  6.046
P10DHoe  93 2017 09 25.2  20.4925  +4.6699 21.9 Updated Oct. 1.16 UT            12  14.82 21.4  0.171
P10DHkq 100 2017 09 25.4   1.0363 -28.6062 21.8 Added Sept. 25.78 UT             4   0.04 23.6  5.793
P10DHkm 100 2017 09 25.4   0.1674 -11.9276 23.5 Added Sept. 25.77 UT             3   0.03 27.7  5.845
P10DHkj 100 2017 09 25.4  23.9575  +0.2257 22.1 Added Sept. 25.76 UT             4   0.04 21.6  5.841
P10DHko 100 2017 09 25.4   0.8277 -19.8565 21.5 Added Sept. 25.76 UT             3   0.04 22.8  5.839
P10DHki 100 2017 09 25.4   0.0334  -5.4617 22.3 Updated Sept. 25.82 UT           7   0.04 24.9  5.844
P10DHkh 100 2017 09 25.5   3.6631 -43.5604 22.0 Updated Sept. 26.62 UT           6   0.83 23.0  4.942
P10DHkg 100 2017 09 25.5   3.3065 -44.7016 21.6 Added Sept. 25.74 UT             4   0.03 21.6  5.749
P10DHk9 100 2017 09 25.3  22.6962 +25.9777 21.6 Updated Sept. 29.67 UT           9   3.85 22.4  2.127
P10DHk5 100 2017 09 25.3  23.1161  -2.5734 21.5 Updated Sept. 26.56 UT           3   0.02 23.3  5.896
P10DHk7 100 2017 09 25.3  23.0598 +31.7481 21.5 Added Sept. 25.71 UT             4   0.03 22.0  5.938
YS1CF5F  66 2017 09 25.3   2.5669 -12.9645 21.9 Added Sept. 25.54 UT             3   0.01 26.8  5.985
YSAE241 100 2017 09 25.4   7.3225 +52.0408 20.8 Added Sept. 25.50 UT             4   0.00 18.9  5.819
YSAE230 100 2017 09 25.4   6.9712 +59.3336 20.6 Updated Sept. 30.11 UT          11   4.06 16.4  1.826
P10DFyv  80 2017 09 24.4   1.2903  +1.6802 21.4 Updated Oct. 1.27 UT             6   6.83 21.8  0.064
P10DFyu 100 2017 09 24.4   1.9349  +1.9620 21.4 Added Sept. 24.95 UT             4   0.04 21.7  6.852
P10DFyr  98 2017 09 24.4   2.4028 +10.5398 23.0 Updated Sept. 26.65 UT           6   1.10 27.6  5.796
P10DF0z 100 2017 09 24.3  22.7071  +4.3748 21.8 Updated Sept. 27.03 UT          10   2.66 19.5  4.326
P10DF3x  79 2017 09 24.3  22.7722  -1.0729 22.8 Added Sept. 24.94 UT             3   0.03 22.1  6.958
P10DF0y 100 2017 09 24.3  22.7057  +5.0911 22.4 Added Sept. 24.93 UT             3   0.03 21.9  6.959
P10DEiQ  72 2017 09 24.3  23.7040  +4.8739 21.6 Updated Oct. 1.25 UT            10   6.86 21.5  0.076
P10DEda 100 2017 09 24.6   5.6865 -25.0780 21.8 Added Sept. 24.76 UT             3   0.02 20.2  6.682
P10DEd6 100 2017 09 24.5   4.8621 -44.4160 21.1 Updated Sept. 26.65 UT           7   1.03 18.9  5.706
P10DBiR 100 2017 09 24.2  22.4626 +32.1517 22.5 Updated Sept. 26.65 UT           6   1.11 20.0  5.916
P10DBiT 100 2017 09 24.2  21.8955 +27.4109 22.2 Updated Sept. 26.65 UT           6   1.11 23.6  5.929
YSADD0E 100 2017 09 24.3   2.7040 +21.5625 22.2 Added Sept. 24.66 UT             3   0.01 19.9  6.902
YSAD618 100 2017 09 24.3   2.3943 +19.9323 19.8 Added Sept. 24.44 UT             4   0.02 18.7  6.944
P10DAWi 100 2017 09 24.2  21.0527  -6.2160 21.7 Updated Sept. 26.04 UT          10   0.87 23.5  6.203
P10DyXD  89 2017 09 23.4   3.1472  +8.1705 21.6 Updated Sept. 26.50 UT          13   3.03 22.5  4.831
P10DqVy  10 2017 09 21.5  23.6491 +29.8787 20.0 Updated Oct. 1.18 UT            93   9.63 20.3  0.164
P10DqgO  35 2017 09 21.4  23.2679 +12.1948 22.1 Updated Sept. 30.29 UT          21   8.81 19.0  1.037
P10DqgN  88 2017 09 21.4  23.0951  +7.2022 26.0 Updated Sept. 23.60 UT          15   0.86 29.1  8.984
P10Dm7l  10 2017 09 19.5  23.2395  +8.7850 19.7 Updated Sept. 30.90 UT         188  11.22 18.0  0.534
