YSBBC7A 100 2017 09 29.2  23.2430 -13.5148 19.9 Updated Sept. 29.30 UT           8   0.03 22.6  0.011
YSB9E03  98 2017 09 29.1  22.3158  -4.7565 20.9 Updated Sept. 29.29 UT          11   0.08 20.9  0.042
YSB9941 100 2017 09 29.1  22.1929  -5.1765 19.8 Added Sept. 29.18 UT             4   0.04 24.0  0.134
X52327   92 2017 09 28.7   4.9205  -4.4310 20.8 Updated Sept. 29.25 UT           3   0.04 18.8  0.493
YSB986A  98 2017 09 29.1  21.5913  +8.2835 21.3 Updated Sept. 29.28 UT          10   0.15 24.4  0.044
X51947   98 2017 09 28.5   0.6418 +25.1953 20.7 Added Sept. 29.13 UT             3   0.03 21.0  0.684
X51955  100 2017 09 28.5   0.8926 +22.7773 21.0 Added Sept. 29.13 UT             3   0.03 20.8  0.682
A104fI6 100 2017 09 28.4  23.8304  -0.8754 19.4 Added Sept. 29.07 UT             4   0.02 23.3  0.878
P10DWng  51 2017 09 28.4  23.2047 +30.5694 20.6 Updated Sept. 29.30 UT          11   0.80 17.8  0.024
P10DWni  46 2017 09 28.4  23.5119 +28.8947 20.2 Updated Sept. 29.15 UT           7   0.65 17.7  0.172
P10DWms 100 2017 09 28.4  23.5424  +3.7874 19.0 Added Sept. 28.86 UT             3   0.04 28.2  0.844
P10DVz1  44 2017 09 28.4  23.8084  -3.0738 20.9 Updated Sept. 29.12 UT           6  44.00 20.1  0.849
P10DVyZ  88 2017 09 28.4  23.6461  -1.5545 22.3 Added Sept. 28.82 UT             3   0.02 20.4  0.851
P10DVz0  81 2017 09 28.4   0.0436  -1.3243 21.9 Added Sept. 28.82 UT             3   0.04 20.2  0.838
P10DVyP 100 2017 09 28.4  23.1573  -4.1913 21.6 Added Sept. 28.81 UT             3   0.04 25.3  0.846
P10DTNN 100 2017 09 28.4  23.0927  -0.6511 21.4 Added Sept. 28.72 UT             4   0.04 21.0  0.847
YSB955B 100 2017 09 28.4   1.6174  +1.3398 19.4 Updated Sept. 28.58 UT           7   0.05 25.9  0.791
YSB934E  75 2017 09 28.4   1.4447  -1.0004 21.6 Added Sept. 28.50 UT             4   0.03 20.4  0.820
YSB7CCB  98 2017 09 28.3   1.1970  -2.9586 20.6 Updated Sept. 28.69 UT          10   0.09 28.7  0.843
YSB82A0 100 2017 09 28.3   0.9599  +4.4810 19.3 Updated Sept. 28.46 UT           8   0.06 25.5  0.852
YSB7F01 100 2017 09 28.3   0.9562  -0.9576 20.6 Updated Sept. 28.45 UT           7   0.03 27.4  0.872
YSB7852  98 2017 09 28.3   0.5580  +0.3742 20.8 Updated Sept. 28.46 UT          11   0.07 27.4  0.864
YSB731F 100 2017 09 28.3   0.3998  -2.1326 20.8 Added Sept. 28.40 UT             4   0.02 25.6  0.920
YSB64D2  98 2017 09 28.3  22.9644  -0.3508 20.9 Updated Sept. 29.12 UT           9   0.13 28.1  0.854
SW516V   61 2017 09 28.3  22.7258  +4.5684 21.8 Updated Sept. 29.25 UT           6   1.89 19.4  0.079
YS1D771  10 2017 09 28.3  23.9184 +26.0932 19.8 Updated Sept. 29.22 UT          25  23.77 18.7  0.131
YSB5EC9  98 2017 09 28.2  23.6611  +3.9246 20.2 Updated Sept. 28.43 UT           8   0.11 26.2  0.895
YS1D634 100 2017 09 28.2  23.8982 +14.7212 20.4 Updated Sept. 28.42 UT           7   0.10 24.8  0.899
YSB3CEC  80 2017 09 28.1  22.3252  -2.9428 20.6 Updated Sept. 29.30 UT          29   2.00 26.1  0.018
YSB3E8B  73 2017 09 28.1  22.2273  -1.2898 21.1 Updated Sept. 29.29 UT          21   1.12 20.2  0.023
YSB3C22  80 2017 09 28.1  22.1926  -5.1763 19.6 Updated Sept. 29.30 UT          35   1.15 23.7  0.014
A104eSG  25 2017 09 27.4   0.8833 +25.0532 18.1 Updated Sept. 29.14 UT          40   1.48 14.7  0.341
N00bzsy 100 2017 09 25.4   6.2852 +45.3793 20.2 Added Sept. 28.06 UT             7   0.79 19.4  3.024
P10DSr3  49 2017 09 27.3  23.0192  +5.1062 21.3 Updated Sept. 29.14 UT          14  38.83 19.6  0.935
YSB3902  97 2017 09 27.4   4.8315  +7.9545 20.2 Updated Sept. 28.43 UT           6   0.94 17.8  0.900
YSB3774 100 2017 09 27.3   3.3060 +10.9113 20.0 Updated Sept. 28.58 UT          14   1.12 24.6  0.806
YSB30F9  88 2017 09 27.3   1.5912  +5.4333 20.9 Updated Sept. 28.58 UT          18   0.95 27.5  0.997
YSB3016  80 2017 09 27.3   0.8223  +3.1390 21.2 Updated Sept. 29.14 UT          21   4.01 28.1  0.880
YSB2A52 100 2017 09 27.3   2.9300  +1.6881 21.7 Updated Sept. 27.49 UT           8   0.07 27.1  1.902
YSB27EF  74 2017 09 27.3   2.4834  +7.1627 21.2 Updated Sept. 29.12 UT          21   1.22 17.2  0.752
YSB2755  85 2017 09 27.3   1.8907 +25.7610 20.2 Updated Sept. 28.58 UT          21   1.01 24.7  0.960
YSB1334  93 2017 09 27.2  23.5836  +3.4060 21.0 Updated Sept. 29.11 UT          22   1.04 25.3  1.001
YSB154F 100 2017 09 27.2  23.5012 +15.3874 21.3 Updated Sept. 28.67 UT          10   0.95 26.9  1.082
YSB1338  88 2017 09 27.2   0.3901 -12.6780 20.3 Updated Sept. 28.57 UT          14   1.03 26.6  1.006
YSB0B6F  77 2017 09 27.2  22.7750  +7.5747 21.0 Updated Sept. 29.22 UT          17   1.95 21.3  0.108
YSB0AD2  27 2017 09 27.1  20.9275  +5.8379 20.3 Updated Sept. 29.28 UT          20   2.04 18.8  0.107
P10DRGK 100 2017 09 26.5   4.4188 -20.2660 20.2 Added Sept. 26.88 UT             4   0.03 16.8  2.680
P10DRF2 100 2017 09 26.5   2.0865 -35.1847 18.6 Updated Sept. 26.94 UT           3   0.03 20.3  2.722
P10DRI3  33 2017 09 26.5   3.8270 -27.0632 19.3 Updated Sept. 28.49 UT          15   1.93 14.7  0.822
P10DRGJ 100 2017 09 26.5   4.7181 -18.8375 21.3 Added Sept. 26.87 UT             4   0.03 18.9  2.675
P10DRGH 100 2017 09 26.5   4.3865 -20.7852 20.8 Added Sept. 26.86 UT             4   0.03 21.2  2.680
P10DRGF 100 2017 09 26.5   4.7745 -17.0318 21.0 Added Sept. 26.85 UT             4   0.03 18.9  2.675
P10DRGG 100 2017 09 26.5   4.5616 -22.1816 20.6 Added Sept. 26.85 UT             3   0.02 18.9  2.688
P10DR2h 100 2017 09 26.4   2.3502  +1.4176 21.8 Added Sept. 26.84 UT             4   0.04 19.6  2.766
P10DR2g  81 2017 09 26.5   2.9320  +4.8518 20.8 Updated Sept. 27.56 UT           8   0.89 18.6  1.914
P10DR2i 100 2017 09 26.5   2.7848  +3.2885 21.3 Added Sept. 26.83 UT             3   0.04 18.8  2.760
P10DQZ1 100 2017 09 26.4   2.2265  +3.2392 22.0 Added Sept. 26.82 UT             3   0.04 23.0  2.769
P10DQZ4 100 2017 09 26.4   2.7349  +8.0314 21.6 Updated Sept. 27.83 UT          11   1.13 18.1  1.672
P10DQZ0  92 2017 09 26.4   2.9397  +7.3828 22.1 Updated Sept. 29.14 UT          14   5.12 23.0  0.751
P10DN65  90 2017 09 26.6   4.1088 -23.9914 20.8 Updated Sept. 28.49 UT          16   1.87 19.4  0.829
P10DN60 100 2017 09 26.4   1.2151  -1.8499 20.6 Updated Sept. 26.70 UT           3   0.03 23.4  2.831
P10DN5X 100 2017 09 26.3   0.0772  -2.4847 21.7 Updated Sept. 26.93 UT           6   0.98 22.7  2.889
YSB07C5 100 2017 09 26.4   5.4158  +9.4428 19.9 Updated Sept. 27.72 UT           9   0.74 10.9  2.097
YSAE2B5   0 2017 09 26.1  21.5975 +10.5090 19.5 Updated Sept. 29.29 UT          61   3.10 18.9  0.034
P10DLg0 100 2017 09 25.5   4.2312 -38.4583 21.1 Updated Sept. 27.63 UT          10   1.76 19.7  2.001
P10DLgC 100 2017 09 25.5   3.8957 -33.5635 20.1 Updated Sept. 26.65 UT           9   0.81 18.6  2.957
P10DKQe  67 2017 09 25.2  22.5031 +29.4849 21.6 Updated Sept. 29.14 UT           9   3.15 19.5  1.877
P10DKQk 100 2017 09 25.2  22.8681 +30.1927 22.1 Updated Sept. 28.07 UT          12   0.08 19.0  3.937
P10DKQv  69 2017 09 25.5   4.6151 -24.2430 21.9 Updated Sept. 27.06 UT           6   1.05 18.7  2.677
P10DKQd 100 2017 09 25.2  22.8484 +24.7173 22.2 Added Sept. 25.93 UT             3   0.03 20.5  3.988
P10DJZI 100 2017 09 25.4   1.3917  -3.2291 22.0 Updated Sept. 27.08 UT           6   0.99 20.9  2.836
P10DJUt 100 2017 09 25.4   0.7782  +1.3415 22.0 Updated Sept. 27.10 UT           5   0.08 24.6  3.790
P10DJUu 100 2017 09 25.4   1.0712  -1.8343 22.0 Updated Sept. 25.99 UT           6   0.05 22.4  3.803
P10DJUp  74 2017 09 25.3  23.7780 +29.2456 21.4 Updated Sept. 27.68 UT           6   1.90 18.9  2.064
P10DJUj  37 2017 09 25.3  23.1511 +27.0076 21.2 Updated Sept. 29.29 UT          13   3.93 18.8  0.036
P10DJUn  80 2017 09 25.3  23.4479 +33.0973 21.9 Updated Sept. 27.62 UT           7   1.82 19.0  2.145
P10DJSv 100 2017 09 25.3  23.2195 +32.4879 22.2 Added Sept. 25.88 UT             3   0.03 22.7  3.937
P10DJUq  70 2017 09 25.3  23.9702 +32.5437 21.9 Updated Sept. 27.64 UT           6   1.92 19.2  2.042
P10DJSu 100 2017 09 25.3  23.8922 +27.0131 22.2 Updated Sept. 27.63 UT           7   1.86 20.0  2.102
P10DJUo  78 2017 09 25.3  23.7188 +25.7189 21.6 Updated Sept. 27.63 UT           6   1.89 19.3  2.071
P10DJUs 100 2017 09 25.4   1.3701  -6.1017 22.0 Updated Sept. 27.08 UT          10   1.00 24.6  2.827
P10DJUh 100 2017 09 25.3  23.4081 +29.4398 21.4 Added Sept. 25.86 UT             3   0.03 19.5  3.932
P10DJUm 100 2017 09 25.3  23.9587 +32.6324 21.4 Added Sept. 25.86 UT             4   0.03 19.2  3.930
P10DJUk 100 2017 09 25.3  23.1031 +28.3755 22.1 Updated Sept. 26.71 UT           7   0.87 20.1  3.104
P10DJUl 100 2017 09 25.3   0.0082 +26.4219 21.8 Added Sept. 25.84 UT             3   0.03 21.4  3.928
P10DIit 100 2017 09 25.3  23.4486  -1.0425 22.4 Updated Sept. 26.64 UT           6   0.83 23.3  3.092
P10DHvK 100 2017 09 25.3  22.8649  +8.9995 21.5 Updated Sept. 26.91 UT           6   0.81 24.4  3.109
P10DHqS  69 2017 09 25.2  20.9052  +6.4409 21.9 Updated Sept. 26.31 UT           5   0.97 18.2  3.096
P10DHod 100 2017 09 25.2  20.3572  -0.9751 21.7 Added Sept. 25.79 UT             3   0.02 19.3  4.039
P10DHoe 100 2017 09 25.2  20.4369  +3.6916 21.8 Updated Sept. 28.29 UT           9  11.94 21.4  1.039
P10DHkr  98 2017 09 25.4   1.4749  -6.8873 22.0 Updated Sept. 28.48 UT          13   2.98 19.3  0.839
P10DHkq 100 2017 09 25.4   1.0372 -22.5112 21.4 Added Sept. 25.78 UT             4   0.04 23.6  3.786
P10DHkm 100 2017 09 25.4   0.1996 -10.4847 22.8 Added Sept. 25.77 UT             3   0.03 27.7  3.838
P10DHkj 100 2017 09 25.4   0.1305  -0.4711 21.8 Added Sept. 25.76 UT             4   0.04 21.6  3.834
P10DHko 100 2017 09 25.4   0.7763 -15.0976 21.4 Added Sept. 25.76 UT             3   0.04 22.8  3.832
P10DHki 100 2017 09 25.4   0.0834  -5.4444 22.0 Updated Sept. 25.82 UT           7   0.04 24.9  3.837
P10DHkh 100 2017 09 25.5   3.6155 -41.8720 21.9 Updated Sept. 26.62 UT           6   0.83 23.0  2.936
P10DHkg 100 2017 09 25.5   3.3705 -40.8100 21.4 Added Sept. 25.74 UT             4   0.03 21.6  3.742
P10DHk9 100 2017 09 25.3  22.8914 +26.1291 21.5 Updated Sept. 26.56 UT           6   0.88 21.9  3.084
P10DHkb 100 2017 09 25.3  23.7365 +31.8166 21.5 Updated Sept. 27.51 UT           9   1.98 19.3  1.979
P10DHk5 100 2017 09 25.3  23.2945  -2.7819 21.1 Updated Sept. 26.56 UT           3   0.02 23.3  3.889
P10DHk7 100 2017 09 25.3  23.2452 +32.5000 21.5 Added Sept. 25.71 UT             4   0.03 22.0  3.931
YS1CF5F  66 2017 09 25.3   2.5621 -12.9752 21.3 Added Sept. 25.54 UT             3   0.01 26.8  3.979
YSAE241 100 2017 09 25.4   7.2599 +51.6877 20.8 Added Sept. 25.50 UT             4   0.00 18.9  3.812
YSAE230 100 2017 09 25.4   6.8678 +58.9183 20.7 Updated Sept. 25.53 UT           8   0.08 18.9  3.808
YSAE22E  64 2017 09 25.4   7.4715 +51.1544 21.3 Updated Sept. 28.58 UT          11   3.04 17.8  0.843
YS1D1A8 100 2017 09 25.4   4.6109  +2.0357 20.3 Updated Sept. 27.45 UT           9   2.03 22.7  1.864
P10DHjZ  98 2017 09 24.3  23.4530  -3.7114 21.1 Updated Sept. 28.50 UT           7   3.96 26.9  1.014
P10DGIG 100 2017 09 24.5   4.5772 +13.7076 22.0 Updated Sept. 26.69 UT           9   1.88 20.9  2.892
P10DGz1  88 2017 09 24.4   2.9610 +17.5366 21.2 Updated Sept. 26.90 UT          19   1.92 22.1  2.924
P10DFyv 100 2017 09 24.4   1.2845  +2.0260 21.3 Added Sept. 24.95 UT             3   0.04 21.2  4.851
P10DFyu 100 2017 09 24.4   1.9289  +1.6397 21.5 Added Sept. 24.95 UT             4   0.04 21.7  4.845
P10DFyr  98 2017 09 24.4   2.2210  +9.7385 22.7 Updated Sept. 26.65 UT           6   1.10 27.6  3.789
P10DF0z 100 2017 09 24.3  22.7313  +4.5876 21.7 Updated Sept. 27.03 UT          10   2.66 19.5  2.319
P10DF3x  79 2017 09 24.3  22.7639  -0.9059 22.7 Added Sept. 24.94 UT             3   0.03 22.1  4.951
P10DF0y 100 2017 09 24.3  22.7047  +4.9520 22.3 Added Sept. 24.93 UT             3   0.03 21.9  4.953
P10DF0t  87 2017 09 24.3  22.7544  +4.2509 22.1 Updated Sept. 28.39 UT          12   4.05 22.4  0.934
P10DF0v 100 2017 09 24.3  22.2896  +6.5076 21.9 Updated Sept. 28.32 UT           6   3.99 21.0  0.998
P10DEiQ 100 2017 09 24.3  23.7215  +4.5691 21.7 Updated Sept. 28.35 UT           7   3.96 21.6  0.971
P10DEiR  70 2017 09 24.3  23.0017  +3.8330 21.8 Updated Sept. 25.16 UT           6   0.76 20.0  4.165
P10DEeG  72 2017 09 24.2  22.6860 +28.4068 21.6 Updated Sept. 25.94 UT          11   1.04 19.3  3.989
P10DEey  94 2017 09 24.2  22.3226 +23.6090 21.9 Updated Sept. 26.65 UT           7   1.11 19.6  3.925
P10DEdb 100 2017 09 24.2  22.4057 +33.2751 22.4 Updated Sept. 26.65 UT           6   1.10 23.3  3.918
P10DEda 100 2017 09 24.6   5.6513 -24.9420 21.8 Added Sept. 24.76 UT             3   0.02 20.2  4.675
P10DEd6 100 2017 09 24.5   4.7729 -43.4109 21.1 Updated Sept. 26.65 UT           7   1.03 18.9  3.699
P10DCcT 100 2017 09 24.4   1.0009  -0.8237 21.7 Updated Sept. 26.65 UT          13   0.99 21.9  3.898
P10DBnJ 100 2017 09 24.3  23.6637  +2.3721 22.5 Updated Sept. 25.62 UT          10   0.90 25.5  4.039
P10DBiR 100 2017 09 24.2  22.5615 +32.3288 22.4 Updated Sept. 26.65 UT           6   1.11 20.0  3.909
P10DBiT 100 2017 09 24.2  22.0733 +27.7369 22.3 Updated Sept. 26.65 UT           6   1.11 23.6  3.922
YSADD0E 100 2017 09 24.3   2.7421 +21.8317 22.2 Added Sept. 24.66 UT             3   0.01 19.9  4.895
YSAD618 100 2017 09 24.3   2.3928 +19.7039 19.9 Added Sept. 24.44 UT             4   0.02 18.7  4.937
P10DAWi 100 2017 09 24.2  20.9770  -8.8519 21.7 Updated Sept. 26.04 UT          10   0.87 23.5  4.196
P10CRIH 100 2017 09 23.9   1.5144  +2.6508 17.5 Added Sept. 24.04 UT             2   0.02 17.1  5.327
P10DyXP 100 2017 09 23.3  23.5882 -37.5650 21.6 Updated Sept. 23.95 UT           4   0.03 23.7  5.877
P10DANx 100 2017 09 23.2  22.2927 +39.6611 22.5 Added Sept. 23.85 UT             3   0.03 22.0  5.970
P10DzMy 100 2017 09 23.3  22.6153 -25.4041 21.6 Updated Sept. 26.20 UT          10   2.70 20.2  3.249
P10DyXG 100 2017 09 23.4   2.1846  +5.0595 21.8 Updated Sept. 26.85 UT           9   3.10 21.9  2.768
P10DyXD  89 2017 09 23.4   3.0889  +9.8491 21.7 Updated Sept. 26.50 UT          13   3.03 22.5  2.824
P10DyXv 100 2017 09 23.4   3.3623 +15.1172 21.7 Updated Sept. 25.58 UT           6   2.00 20.2  3.817
P10DyXo 100 2017 09 23.5   4.7090 -33.6571 21.4 Added Sept. 23.78 UT             3   0.03 19.2  5.718
A1047eS 100 2017 09 23.3  20.6923 +18.5200 22.8 Added Sept. 23.74 UT             4   0.02 26.7  5.924
P10DwxW 100 2017 09 22.5   5.2749 +10.1079 21.6 Updated Sept. 25.78 UT          17   2.49 19.9  4.287
P10DqVy  10 2017 09 21.5  23.8308 +27.7393 20.0 Updated Sept. 29.19 UT          85   7.65 20.4  0.132
P10DqgO  81 2017 09 21.4  23.3299 +12.0610 22.0 Updated Sept. 27.45 UT          18   5.94 19.0  1.902
P10DqgN  88 2017 09 21.4  23.0908  +7.3553 25.5 Updated Sept. 23.60 UT          15   0.86 29.1  6.977
P10Dm7l  10 2017 09 19.5  23.5274  +9.6779 19.6 Updated Sept. 29.14 UT         164   9.28 18.0  0.467
