YSBC9D8  75 2017 09 30.4   0.6410 +27.2491 21.4 Added Sept. 30.45 UT             4   0.01 21.1  0.017
YSBC8F4  65 2017 09 30.3   0.1021 +29.1754 21.1 Added Sept. 30.42 UT             4   0.02 18.0  0.051
YSBC874  97 2017 09 30.3  23.8771 +25.7933 21.6 Added Sept. 30.42 UT             4   0.02 20.6  0.048
YSBC76D 100 2017 09 30.2  23.9830  +9.6849 19.9 Updated Sept. 30.35 UT           8   0.07 22.8  0.101
YSBC76C  33 2017 09 30.2  22.0725 +28.7708 21.2 Updated Sept. 30.32 UT          17  56.84 18.7  0.143
P10E0uI  73 2017 09 29.6   5.0940 -22.1048 19.8 Updated Sept. 30.26 UT           8   0.36 17.7  0.463
P10DXH7  98 2017 09 29.5   2.6202  +5.4259 20.6 Updated Sept. 30.43 UT           6   0.83 27.9  0.041
P10DXaX 100 2017 09 29.5   2.2045  +4.1027 20.7 Added Sept. 29.70 UT             4   0.04 21.9  0.847
YS216F7 100 2017 09 29.3   2.6170  +5.4610 21.3 Updated Sept. 29.65 UT           7   0.08 28.7  1.025
YS21638  37 2017 09 29.3   1.6881 -19.6933 19.7 Updated Sept. 30.29 UT          23  37.70 18.7  0.169
YSBBC7A  93 2017 09 29.2  23.0011  -8.3045 19.7 Updated Sept. 30.22 UT          18   0.95 24.4  0.232
YSB9E03 100 2017 09 29.1  22.2193  -3.5684 20.9 Updated Sept. 29.29 UT          11   0.08 20.9  1.185
X52327  100 2017 09 28.7   4.9261  -4.1730 20.8 Updated Sept. 29.25 UT           3   0.04 18.8  1.636
YSB986A  85 2017 09 29.1  21.6639  +8.2689 21.1 Updated Sept. 30.19 UT          20   1.06 24.4  0.276
X51947   88 2017 09 28.5   0.6415 +25.0569 20.2 Updated Sept. 30.44 UT          10   1.84 19.9  0.018
X51955  100 2017 09 28.5   0.8904 +22.9674 20.9 Added Sept. 29.13 UT             3   0.03 20.8  1.825
A104fI6  93 2017 09 28.4  23.4495  +4.3164 19.9 Updated Sept. 30.06 UT          12   1.64 24.1  0.398
P10DWni  73 2017 09 28.4  23.4936 +28.6490 20.2 Updated Sept. 30.03 UT          10   3.79 17.5  1.315
P10DWms 100 2017 09 28.4   1.4248 +49.7472 18.0 Added Sept. 28.86 UT             3   0.04 28.2  1.987
P10DVyZ  86 2017 09 28.4  23.6270  -1.7939 22.3 Updated Sept. 30.33 UT           6   1.88 20.0  0.137
P10DVz0 100 2017 09 28.4   0.0262  -1.7413 21.9 Added Sept. 28.82 UT             3   0.04 20.2  1.981
P10DVyP 100 2017 09 28.4  23.1472  -5.7184 21.9 Added Sept. 28.81 UT             3   0.04 25.3  1.989
P10DTNN  85 2017 09 28.4  23.0507  -1.1240 21.6 Updated Sept. 30.24 UT          15   5.78 22.4  0.301
YSB955B  83 2017 09 28.4   1.4508  +9.6053 19.5 Updated Sept. 30.25 UT          23   1.77 25.9  0.214
YSB934E 100 2017 09 28.4   1.4315  -1.7014 21.5 Added Sept. 28.50 UT             4   0.03 20.4  1.963
YSB7CCB  80 2017 09 28.3   1.4866  -1.3673 21.3 Updated Sept. 30.36 UT          21   1.98 28.5  0.094
YSB82A0  85 2017 09 28.3   1.1306 +13.8730 19.6 Updated Sept. 30.24 UT          32   1.83 25.6  0.219
YSB7F01 100 2017 09 28.3   1.6286  -4.9080 20.7 Updated Sept. 28.45 UT           7   0.03 27.4  2.015
YSB7852  98 2017 09 28.3   0.9924  -0.2011 21.2 Updated Sept. 28.46 UT          11   0.07 27.4  2.007
YSB731F 100 2017 09 28.3   0.4644  +1.2293 20.7 Added Sept. 28.40 UT             4   0.02 25.6  2.063
YSB64D2   0 2017 09 28.3  22.4476  +0.2039 21.2 Updated Sept. 30.20 UT          25   3.75 27.8  0.259
YS1D771   0 2017 09 28.3  23.8916 +24.7609 19.7 Updated Sept. 30.42 UT          47  25.00 18.6  0.048
YSB5EC9  98 2017 09 28.2  23.6309  +4.2772 20.6 Updated Sept. 28.43 UT           8   0.11 26.2  2.038
YS1D634 100 2017 09 28.2  23.9574 +11.4881 20.5 Updated Sept. 28.42 UT           7   0.10 24.8  2.042
YSB3CEC  80 2017 09 28.1  22.4109  -5.7544 21.1 Updated Sept. 30.17 UT          36   2.87 26.1  0.289
YSB3E8B  10 2017 09 28.1  22.1878  -0.7586 21.1 Updated Sept. 30.19 UT          28   7.80 20.1  0.302
YSB3C22   5 2017 09 28.1  22.4812  -6.6983 19.8 Updated Sept. 30.22 UT          54   4.93 23.8  0.284
N00bzsy 100 2017 09 25.4   6.2950 +44.3358 20.1 Added Sept. 28.06 UT             7   0.79 19.4  4.167
YSB3902  57 2017 09 27.4   4.8316  +8.1883 20.3 Updated Sept. 30.33 UT          12   2.86 17.3  0.120
YSB3774   0 2017 09 27.3   3.4104 +12.8053 20.2 Updated Sept. 30.43 UT          34  11.87 25.0  0.029
YSB30F9   0 2017 09 27.3   1.8419  +6.6139 21.1 Updated Sept. 30.28 UT          31  12.86 27.6  0.193
YSB3016  78 2017 09 27.3   0.7692  +3.0990 21.4 Updated Sept. 30.23 UT          24   5.81 28.2  0.224
YSB2A52 100 2017 09 27.3   2.9389  +0.2081 21.9 Updated Sept. 27.49 UT           8   0.07 27.1  3.045
YSB27EF  99 2017 09 27.3   2.4679  +7.1248 21.2 Updated Sept. 29.12 UT          21   1.22 17.2  1.895
YSB2755  85 2017 09 27.3   1.3999 +36.6440 20.3 Updated Sept. 30.27 UT          32   2.93 24.6  0.190
YSB1334   5 2017 09 27.2  23.5382  +3.3517 21.0 Updated Sept. 30.25 UT          28  14.72 25.2  0.237
YSB154F  80 2017 09 27.2  23.5488 +19.0821 21.5 Updated Sept. 30.21 UT          18   2.93 27.0  0.249
YSB1338  78 2017 09 27.2   0.6964 -19.0287 21.1 Updated Sept. 30.27 UT          19   2.97 26.9  0.209
P10DRGK  45 2017 09 26.5   4.4250 -20.6395 20.2 Updated Sept. 29.88 UT           8   3.04 17.0  0.816
P10DRF2 100 2017 09 26.5   1.4274 -35.7360 18.3 Updated Sept. 26.94 UT           3   0.03 20.3  3.866
P10DRI3  58 2017 09 26.5   3.8182 -27.0996 19.3 Updated Sept. 28.49 UT          15   1.93 14.7  1.965
P10DRGJ 100 2017 09 26.5   4.7558 -19.2686 21.2 Added Sept. 26.87 UT             4   0.03 18.9  3.819
P10DRGH 100 2017 09 26.5   4.3744 -20.5854 20.7 Updated Sept. 30.26 UT          11   3.42 19.0  0.436
P10DRGF 100 2017 09 26.5   4.7753 -17.3257 21.0 Updated Sept. 29.87 UT           8   3.03 18.8  0.815
P10DRGG 100 2017 09 26.5   4.5587 -22.3250 20.6 Added Sept. 26.85 UT             3   0.02 18.9  3.831
P10DR2h  28 2017 09 26.4   2.3358  +1.2058 21.7 Updated Sept. 30.34 UT          16  27.71 18.5  0.168
P10DQZ1 100 2017 09 26.4   2.2615  +3.6934 22.0 Added Sept. 26.82 UT             3   0.04 23.0  3.912
P10DQZ0   5 2017 09 26.4   2.9883  +7.2929 22.0 Updated Sept. 30.35 UT          21   6.90 22.9  0.112
P10DN65 100 2017 09 26.6   4.0336 -24.1736 20.8 Updated Sept. 28.49 UT          16   1.87 19.4  1.972
P10DN60 100 2017 09 26.4   0.9569  +0.7780 20.3 Updated Sept. 26.70 UT           3   0.03 23.4  3.974
P10DN5X  93 2017 09 26.3   0.0540  -2.7348 21.6 Updated Sept. 30.36 UT          12   4.90 22.6  0.104
YSB07C5  60 2017 09 26.4   5.4103  +9.3373 20.0 Updated Sept. 30.38 UT          17   3.90 10.8  0.081
YSAE2B5  10 2017 09 26.1  21.5828 +10.2622 19.5 Updated Sept. 30.18 UT          72   3.98 18.9  0.297
P10DLg0 100 2017 09 25.5   4.2872 -39.3006 21.1 Updated Sept. 27.63 UT          10   1.76 19.7  3.144
P10DLgC 100 2017 09 25.5   3.9282 -33.8824 20.0 Updated Sept. 26.65 UT           9   0.81 18.6  4.100
P10DKQk 100 2017 09 25.2  22.8512 +29.9394 22.1 Updated Sept. 28.07 UT          12   0.08 19.0  5.081
P10DKQv  69 2017 09 25.5   4.6171 -24.4891 21.9 Updated Sept. 27.06 UT           6   1.05 18.7  3.820
P10DKQd 100 2017 09 25.2  22.8367 +24.1955 22.2 Added Sept. 25.93 UT             3   0.03 20.5  5.131
P10DJUt 100 2017 09 25.4   0.7413  +1.9947 22.0 Updated Sept. 27.10 UT           5   0.08 24.6  4.933
P10DJUu 100 2017 09 25.4   1.0792  -2.0354 21.9 Updated Sept. 25.99 UT           6   0.05 22.4  4.946
P10DJUp  74 2017 09 25.3  23.7593 +28.9768 21.4 Updated Sept. 27.68 UT           6   1.90 18.9  3.207
P10DJUn  80 2017 09 25.3  23.4266 +32.9184 21.9 Updated Sept. 27.62 UT           7   1.82 19.0  3.288
P10DJSv 100 2017 09 25.3  23.2297 +32.8014 22.2 Added Sept. 25.88 UT             3   0.03 22.7  5.080
P10DJUq  70 2017 09 25.3  23.9485 +32.4034 21.9 Updated Sept. 27.64 UT           6   1.92 19.2  3.186
P10DJSu 100 2017 09 25.3  23.8710 +26.7340 22.2 Updated Sept. 27.63 UT           7   1.86 20.0  3.245
P10DJUo  78 2017 09 25.3  23.7003 +25.4297 21.6 Updated Sept. 27.63 UT           6   1.89 19.3  3.214
P10DJUs 100 2017 09 25.4   1.4565  -6.6855 21.9 Updated Sept. 27.08 UT          10   1.00 24.6  3.971
P10DJUh 100 2017 09 25.3  23.3683 +29.5228 21.4 Added Sept. 25.86 UT             3   0.03 19.5  5.075
P10DJUm 100 2017 09 25.3  23.9367 +32.4761 21.4 Added Sept. 25.86 UT             4   0.03 19.2  5.073
P10DJUk 100 2017 09 25.3  23.0868 +28.0662 22.1 Updated Sept. 26.71 UT           7   0.87 20.1  4.247
P10DJUl 100 2017 09 25.3   0.0012 +26.4042 21.8 Added Sept. 25.84 UT             3   0.03 21.4  5.071
P10DIit 100 2017 09 25.3  23.4661  -1.2845 22.5 Updated Sept. 26.64 UT           6   0.83 23.3  4.235
P10DHvK 100 2017 09 25.3  22.8156 +11.6458 21.7 Updated Sept. 26.91 UT           6   0.81 24.4  4.253
P10DHqS  69 2017 09 25.2  20.9027  +6.3164 21.9 Updated Sept. 26.31 UT           5   0.97 18.2  4.239
P10DHod 100 2017 09 25.2  20.3794  -1.9374 21.8 Added Sept. 25.79 UT             3   0.02 19.3  5.182
P10DHoe 100 2017 09 25.2  20.4682  +4.2533 21.8 Updated Sept. 28.29 UT           9  11.94 21.4  2.182
P10DHkr  88 2017 09 25.4   1.4533  -7.1306 21.8 Updated Sept. 29.89 UT          19  60.95 19.1  0.894
P10DHkq 100 2017 09 25.4   1.0368 -26.1718 21.6 Added Sept. 25.78 UT             4   0.04 23.6  4.930
P10DHkm 100 2017 09 25.4   0.1792 -11.3984 23.2 Added Sept. 25.77 UT             3   0.03 27.7  4.981
P10DHkj 100 2017 09 25.4   0.0307  -0.0699 22.0 Added Sept. 25.76 UT             4   0.04 21.6  4.977
P10DHko 100 2017 09 25.4   0.8054 -17.8163 21.5 Added Sept. 25.76 UT             3   0.04 22.8  4.975
P10DHki 100 2017 09 25.4   0.0535  -5.4574 22.2 Updated Sept. 25.82 UT           7   0.04 24.9  4.980
P10DHkh 100 2017 09 25.5   3.6436 -42.8616 22.0 Updated Sept. 26.62 UT           6   0.83 23.0  4.079
P10DHkg 100 2017 09 25.5   3.3345 -43.1071 21.5 Added Sept. 25.74 UT             4   0.03 21.6  4.886
P10DHk9 100 2017 09 25.3  22.7741 +26.0497 21.5 Updated Sept. 29.67 UT           9   3.85 22.4  1.263
P10DHkb 100 2017 09 25.3  23.6918 +31.7945 21.6 Updated Sept. 29.62 UT          12   3.89 19.2  1.220
P10DHk5 100 2017 09 25.3  23.1877  -2.6598 21.4 Updated Sept. 26.56 UT           3   0.02 23.3  5.032
P10DHk7 100 2017 09 25.3  23.1392 +32.0866 21.5 Added Sept. 25.71 UT             4   0.03 22.0  5.075
YS1CF5F  66 2017 09 25.3   2.5658 -12.9732 21.6 Added Sept. 25.54 UT             3   0.01 26.8  5.122
YSAE241 100 2017 09 25.4   7.2960 +51.8894 20.8 Added Sept. 25.50 UT             4   0.00 18.9  4.955
YSAE230 100 2017 09 25.4   6.9290 +59.1773 20.7 Updated Sept. 30.11 UT          11   4.06 16.4  0.962
YSAE22E  89 2017 09 25.4   7.5555 +51.2825 21.3 Updated Sept. 28.58 UT          11   3.04 17.8  1.986
YS1D1A8  80 2017 09 25.4   4.7497  +3.2194 20.7 Updated Sept. 30.43 UT          16   5.00 22.8  0.045
P10DHjZ  98 2017 09 24.3  23.7318  -4.7466 21.0 Updated Sept. 28.50 UT           7   3.96 26.9  2.158
P10DGz1   5 2017 09 24.4   2.9203 +18.9408 21.2 Updated Sept. 30.10 UT          22   5.04 22.2  0.947
P10DFyv 100 2017 09 24.4   1.2879  +1.7753 21.3 Added Sept. 24.95 UT             3   0.04 21.2  5.994
P10DFyu 100 2017 09 24.4   1.9326  +1.8199 21.5 Added Sept. 24.95 UT             4   0.04 21.7  5.988
P10DFyr  98 2017 09 24.4   2.3323 +10.2313 22.9 Updated Sept. 26.65 UT           6   1.10 27.6  4.932
P10DF0z 100 2017 09 24.3  22.7172  +4.4654 21.8 Updated Sept. 27.03 UT          10   2.66 19.5  3.462
P10DF3x  79 2017 09 24.3  22.7684  -1.0032 22.8 Added Sept. 24.94 UT             3   0.03 22.1  6.094
P10DF0y 100 2017 09 24.3  22.7050  +5.0328 22.4 Added Sept. 24.93 UT             3   0.03 21.9  6.096
P10DF0t  79 2017 09 24.3  22.7839  +3.6403 22.0 Updated Sept. 30.19 UT          15   5.85 22.3  0.276
P10DF0v  91 2017 09 24.3  22.2762  +6.3702 22.0 Updated Sept. 30.15 UT           8   5.80 20.5  0.327
P10DEiQ 100 2017 09 24.3  23.7120  +4.7330 21.7 Updated Sept. 28.35 UT           7   3.96 21.6  2.114
P10DEiR  47 2017 09 24.3  22.9889  +3.4257 21.8 Updated Sept. 30.21 UT           9   5.82 19.7  0.252
P10DEeG  72 2017 09 24.2  22.6685 +28.2244 21.7 Updated Sept. 25.94 UT          11   1.04 19.3  5.132
P10DEey  71 2017 09 24.2  22.3100 +23.3430 21.9 Updated Sept. 30.26 UT           9   5.96 19.4  0.212
P10DEdb  98 2017 09 24.2  22.4042 +33.8877 22.4 Updated Sept. 30.39 UT           9   6.09 23.3  0.068
P10DEda 100 2017 09 24.6   5.6719 -25.0207 21.8 Added Sept. 24.76 UT             3   0.02 20.2  5.819
P10DEd6 100 2017 09 24.5   4.8237 -43.9851 21.1 Updated Sept. 26.65 UT           7   1.03 18.9  4.843
P10DCcT  93 2017 09 24.4   0.9691  -1.0814 21.8 Updated Sept. 29.98 UT          20   9.00 22.4  3.972
P10DBnJ  93 2017 09 24.3  23.7046  +2.4245 22.6 Updated Sept. 30.35 UT          13   5.96 25.4  0.115
P10DBiR 100 2017 09 24.2  22.5042 +32.2319 22.4 Updated Sept. 26.65 UT           6   1.11 20.0  5.052
P10DBiT 100 2017 09 24.2  21.9742 +27.5675 22.2 Updated Sept. 26.65 UT           6   1.11 23.6  5.065
YSADD0E 100 2017 09 24.3   2.7207 +21.6804 22.2 Added Sept. 24.66 UT             3   0.01 19.9  6.039
YSAD618 100 2017 09 24.3   2.3939 +19.8344 19.9 Added Sept. 24.44 UT             4   0.02 18.7  6.080
P10DAWi 100 2017 09 24.2  21.0196  -7.3506 21.7 Updated Sept. 26.04 UT          10   0.87 23.5  5.339
P10CRIH 100 2017 09 23.9   1.5039  +2.6697 17.4 Added Sept. 24.04 UT             2   0.02 17.1  6.471
P10DyXP 100 2017 09 23.3  23.6943 -40.5254 21.8 Updated Sept. 23.95 UT           4   0.03 23.7  7.021
P10DANx 100 2017 09 23.2  22.3013 +39.5156 22.5 Added Sept. 23.85 UT             3   0.03 22.0  7.114
P10DzMy 100 2017 09 23.3  22.6111 -25.8349 21.8 Updated Sept. 29.97 UT          12  11.69 20.2  4.392
P10DyXD  89 2017 09 23.4   3.1223  +8.9071 21.6 Updated Sept. 26.50 UT          13   3.03 22.5  3.967
P10DyXo 100 2017 09 23.5   4.7179 -33.8694 21.4 Added Sept. 23.78 UT             3   0.03 19.2  6.861
A1047eS 100 2017 09 23.3  20.6958 +18.6698 23.2 Added Sept. 23.74 UT             4   0.02 26.7  7.067
P10DwxW 100 2017 09 22.5   5.3361 +10.1515 21.5 Updated Sept. 25.78 UT          17   2.49 19.9  5.430
P10DqVy  35 2017 09 21.5  23.7269 +28.9832 20.0 Updated Sept. 29.19 UT          85   7.65 20.4  1.275
P10DqgO  10 2017 09 21.4  23.2943 +12.1388 22.1 Updated Sept. 30.29 UT          21   8.81 19.0  0.173
P10DqgN  88 2017 09 21.4  23.0930  +7.2615 25.8 Updated Sept. 23.60 UT          15   0.86 29.1  8.120
P10Dm7l  10 2017 09 19.5  23.3618  +9.1725 19.7 Updated Sept. 30.40 UT         165  10.41 18.0  0.488
