P10E3WA 100 2015 12 01.4  13.3144  -4.0785 29.8 Added Oct. 3.98 UT               3   0.03 23.3 ******
P10E3Wm 100 2017 10 03.3  23.4600 +39.2910 20.4 Added Oct. 3.81 UT               4   0.04 18.0  1.009
P10E3Vp  60 2017 10 03.4   0.6243 +34.7240 20.8 Updated Oct. 3.86 UT            14  29.95 18.0  0.957
P10E3TB  94 2017 10 03.4   4.0731 +43.9759 20.3 Added Oct. 3.79 UT               3   0.02 18.5  0.918
P10E3TD  83 2017 10 03.4   3.8528 +43.9198 20.9 Added Oct. 3.78 UT               3   0.04 18.7  0.906
YTBD537 100 2017 10 03.5   7.5379 +52.5366 21.2 Added Oct. 3.59 UT               3   0.00 18.8  0.914
YTBD502  96 2017 10 03.4   7.3631 +46.7099 21.6 Added Oct. 3.59 UT               4   0.01 18.0  0.974
YTBD536  79 2017 10 03.4   7.4868 +52.5615 21.3 Added Oct. 3.59 UT               4   0.03 17.2  0.932
YTBD4F9  76 2017 10 03.5   7.3928 +44.8098 20.9 Updated Oct. 3.60 UT             8   0.07 18.0  0.920
YTBD539  66 2017 10 03.5   7.4955 +54.9639 20.9 Updated Oct. 3.82 UT            11  80.90 18.0  0.921
YTBD4F2  84 2017 10 03.4   7.4417 +49.6750 21.3 Updated Oct. 3.51 UT             7   0.06 16.2  0.930
YTBD449  78 2017 10 03.3   0.5415 +47.1316 19.7 Updated Oct. 4.20 UT            11   0.87 18.2  0.237
YTBD43F  98 2017 10 03.3   2.6479 +14.1968 19.5 Updated Oct. 3.45 UT            12   0.10 29.4  0.993
YTBD425  93 2017 10 03.2  19.1943 +37.8701 18.6 Updated Oct. 4.20 UT            17   0.92 24.6  0.284
YT2379E  88 2017 10 03.1  17.0972 +54.7176 18.6 Updated Oct. 4.21 UT            24   1.11 21.6  0.230
N00c0cb  35 2017 09 29.6   7.2695 +39.1923 21.0 Updated Oct. 3.60 UT            18   3.82 20.8  0.995
A104nX1 100 2017 10 02.5   8.3423  -4.1233 18.3 Updated Oct. 3.68 UT             7   0.90 13.4  0.934
P10E3vv  70 2017 10 02.5   3.0628 -11.5612 20.3 Updated Oct. 3.60 UT             6   0.90 17.7  1.005
P10E3vu  44 2017 10 02.5   3.1886 -15.3265 19.6 Updated Oct. 3.60 UT            10   0.99 17.4  0.917
P10E3vw  45 2017 10 02.5   3.9479 -11.3678 20.2 Updated Oct. 3.57 UT             9  15.93 18.1  0.922
A104mHe 100 2017 10 02.3   2.3215 +23.3837 14.3 Added Oct. 2.72 UT               3   0.01 28.7  2.113
P10E3sI 100 2017 10 02.5   3.8550 -10.4142 21.3 Added Oct. 2.68 UT               3   0.02 21.7  1.889
YTBD3CF  99 2017 10 02.4   6.4476 +42.2814 20.4 Added Oct. 2.55 UT               4   0.02 15.7  1.936
YTBD29F  88 2017 10 02.4   1.7239 +43.5426 21.2 Updated Oct. 4.15 UT            27   1.73 20.7  0.291
YTBD1CA  40 2017 10 02.3   0.6663 +39.3871 20.3 Updated Oct. 3.81 UT            18   1.13 18.5  0.960
YTBD21A  76 2017 10 02.3   0.8557 +41.8894 20.9 Updated Oct. 2.70 UT             8   0.14 18.0  1.913
YTBD10F  85 2017 10 02.1   1.2941 +35.5049 19.9 Updated Oct. 3.82 UT            40   1.36 25.3  0.955
A104mH8  89 2017 10 01.4   2.8331 -15.9965 20.9 Added Oct. 2.10 UT               4   0.02 26.9  2.923
P10E3sH  93 2017 10 01.6   4.7649  -9.1261 21.9 Updated Oct. 3.49 UT            12   1.87 23.0  0.956
P10E3sG  75 2017 10 01.5   2.2117 -14.4293 20.1 Updated Oct. 1.92 UT            15  65.98 19.5  2.887
P10E3mH  72 2017 10 01.5   2.2807 -15.2537 20.7 Updated Oct. 3.59 UT            11  19.80 18.6  1.056
P10E3mI  71 2017 10 01.5   2.1386  -9.1785 20.5 Updated Oct. 3.58 UT            10   1.79 18.8  1.130
P10E2Q2  78 2017 10 01.4   2.3461 -22.6016 20.3 Updated Oct. 4.32 UT            15   2.83 26.6  0.131
YTBD0F8  77 2017 10 01.4   0.1071 +33.7446 20.9 Updated Oct. 3.17 UT            15   1.67 18.1  1.273
YTBD03B  68 2017 10 01.4   0.6203 +33.1331 20.8 Updated Oct. 3.87 UT            21  29.75 18.0  1.159
YTBD006  52 2017 10 01.3   0.2349 +34.9809 20.4 Updated Oct. 3.80 UT            20   2.10 17.7  0.959
YTBCFFF  85 2017 10 01.3   0.0381 +33.8994 21.6 Updated Oct. 4.18 UT            28   2.77 23.9  0.263
YTBCFF4  62 2017 10 01.3   0.0478 +33.7200 20.8 Updated Oct. 3.81 UT            22   2.06 18.2  0.966
YTBCFEA  75 2017 10 01.3   0.0078 +35.9836 21.1 Updated Oct. 2.13 UT            12   0.72 18.9  2.310
YTBCFE9  51 2017 10 01.3  23.9936 +36.7096 20.8 Updated Oct. 3.81 UT            23   2.01 18.1  1.017
YTBCFDF 100 2017 10 01.3  23.6842 +38.2400 20.5 Updated Oct. 3.57 UT            37   1.93 21.0  1.131
YTBCFAA  93 2017 10 01.3   0.7427 +23.5877 20.4 Updated Oct. 3.59 UT            22   1.97 24.5  1.090
YTBCFA6  75 2017 10 01.3   0.3653 +32.6324 20.7 Updated Oct. 2.15 UT            12   0.77 17.9  2.289
YTBCF8D  49 2017 10 01.3  23.9584 +30.9633 21.0 Updated Oct. 4.18 UT            11   2.81 18.7  0.256
YT228FF 100 2017 10 01.4   4.7388 +10.6245 19.9 Updated Oct. 3.46 UT            14   2.04 25.2  0.975
YT228DA 100 2017 10 01.3   3.7680 +29.9063 19.7 Updated Oct. 2.57 UT            24   1.03 19.3  2.007
YTBCEFF  76 2017 10 01.3   3.5095 +34.7008 21.1 Updated Oct. 2.37 UT            11   0.97 18.0  2.076
YTBCE98  73 2017 10 01.3  23.5128 +30.9801 21.2 Updated Oct. 2.96 UT            10   6.77 18.6  2.325
YTBCE96  61 2017 10 01.3  23.5236 +32.0759 21.1 Updated Oct. 2.96 UT            19   3.77 18.7  2.180
YTBCE5D  98 2017 10 01.3  23.5340 +40.6652 23.6 Updated Oct. 2.14 UT            11   0.79 29.4  2.299
YT22524 100 2017 10 01.2   1.5693 +25.1031 18.4 Added Oct. 1.32 UT               3   0.01 20.1  3.126
P10E2ep  59 2017 09 30.5   4.9047  +2.6830 21.4 Updated Oct. 1.67 UT            10  11.92 17.5  2.905
P10E2aT 100 2017 09 30.5   4.9329  +2.8170 21.7 Added Sept. 30.88 UT             4   0.03 19.7  3.805
P10E1ZQ  10 2017 09 30.5   3.1302  +0.0290 19.9 Updated Oct. 4.42 UT            27   3.84 17.5  0.044
P10E1RN 100 2017 09 30.5   3.0953  +5.7143 21.3 Added Sept. 30.86 UT             3   0.02 22.0  3.856
P10E0No  98 2017 09 30.3   0.5433 -44.3934 21.3 Added Sept. 30.83 UT             4   0.02 19.5  4.018
P10E0vw  78 2017 09 30.3  23.2319 +46.9760 21.7 Updated Oct. 3.19 UT            15   2.85 26.3  1.291
P10E0vf 100 2017 09 30.5   3.1690  +2.1162 21.8 Updated Oct. 3.08 UT            15   1.05 20.1  2.842
YS21DA8  35 2017 09 30.4   6.9746 +48.4746 18.3 Updated Oct. 3.45 UT            44   3.02 13.5  0.998
YSBCB7F  95 2017 09 30.4   1.9171  +8.4328 19.4 Updated Oct. 3.57 UT            48   2.99 25.3  0.993
YSBCB48  60 2017 09 30.4   1.2283 +28.4140 20.1 Updated Oct. 2.25 UT            20   1.80 18.3  2.192
YSBCB19  80 2017 09 30.4   1.0098 -23.7221 20.8 Updated Oct. 2.39 UT            31   1.74 28.0  2.223
YSBCA2F  93 2017 09 30.4   1.6479 +23.0443 19.9 Updated Oct. 3.57 UT            31   2.92 26.0  1.095
YSBC9D8 100 2017 09 30.4   0.5634 +28.2462 21.3 Added Sept. 30.45 UT             4   0.01 21.1  4.001
YSBC8F4  48 2017 09 30.3  23.9952 +29.1973 21.1 Updated Oct. 2.57 UT            20  12.81 18.7  1.989
YSBC874 100 2017 09 30.3  23.7460 +25.8583 21.5 Updated Sept. 30.47 UT           7   0.08 20.6  3.972
YSB9E03  35 2017 09 29.1  21.9166  +0.2963 21.1 Updated Oct. 2.17 UT            27  18.69 20.5  2.269
X52327  100 2017 09 28.7   4.9372  -3.2209 20.7 Updated Sept. 29.25 UT           3   0.04 18.8  5.620
X51955  100 2017 09 28.5   0.8802 +23.5886 20.8 Added Sept. 29.13 UT             3   0.03 20.8  5.809
P10DWms 100 2017 09 28.4  10.7392 +23.3219 27.2 Added Sept. 28.86 UT             3   0.04 28.2  5.971
P10DVyZ 100 2017 09 28.4  23.5668  -2.5767 22.5 Updated Sept. 30.33 UT           6   1.88 20.0  4.120
P10DVyP 100 2017 09 28.4  23.1307  -9.2545 22.7 Added Sept. 28.81 UT             3   0.04 25.3  5.973
YSB934E 100 2017 09 28.4   1.3825  -4.1374 21.5 Added Sept. 28.50 UT             4   0.03 20.4  5.947
YSB7F01 100 2017 09 28.3   4.5707 -18.3060 21.9 Updated Sept. 28.45 UT           7   0.03 27.4  5.999
YSB7852  98 2017 09 28.3   2.1865  -1.7214 22.1 Updated Sept. 28.46 UT          11   0.07 27.4  5.990
YSB731F 100 2017 09 28.3   0.6628 +11.3774 21.3 Added Sept. 28.40 UT             4   0.02 25.6  6.047
YS1D771  35 2017 09 28.3  23.8024 +19.8987 19.5 Updated Oct. 2.88 UT            80  27.45 18.6  1.575
YSB5EC9  98 2017 09 28.2  23.5768  +4.9716 21.6 Updated Sept. 28.43 UT           8   0.11 26.2  6.021
N00bzsy 100 2017 09 25.4   6.3196 +40.2742 19.9 Added Sept. 28.06 UT             7   0.79 19.4  8.151
YSB2A52 100 2017 09 27.3   2.9471  -2.9505 22.6 Updated Sept. 27.49 UT           8   0.07 27.1  7.028
P10DRF2 100 2017 09 26.5   1.3871 -35.5915 20.3 Updated Oct. 1.13 UT             6   3.93 22.7  3.950
P10DRI3  10 2017 09 26.5   3.7827 -27.1938 19.3 Updated Oct. 3.59 UT            23   6.95 14.8  0.931
P10DRGJ  72 2017 09 26.5   4.8727 -20.6689 21.3 Updated Oct. 1.41 UT             7   4.80 19.3  3.032
P10DRGG 100 2017 09 26.5   4.5478 -22.8931 20.6 Updated Oct. 1.49 UT             5   0.90 15.5  6.930
YSB07C5  35 2017 09 26.4   5.3895  +8.9656 19.9 Updated Oct. 3.60 UT            38   6.72 10.7  1.245
P10DLg0 100 2017 09 25.5   4.4862 -42.1944 21.1 Updated Sept. 27.63 UT          10   1.76 19.7  7.127
P10DLgC 100 2017 09 25.5   4.0407 -34.9890 19.9 Updated Sept. 26.65 UT           9   0.81 18.6  8.084
P10DKQk  61 2017 09 25.2  22.7999 +28.9517 22.1 Updated Oct. 3.31 UT            17   8.00 19.6  1.144
P10DJUm  65 2017 09 25.3  23.8603 +31.8999 21.3 Updated Oct. 3.20 UT            15   7.85 18.5  1.245
P10DJUl 100 2017 09 25.3  23.9786 +26.2772 21.7 Updated Oct. 3.27 UT            13   7.92 21.1  1.171
P10DIit 100 2017 09 25.3  23.5253  -2.0162 22.8 Updated Sept. 26.64 UT           6   0.83 23.3  8.219
P10DHqS  69 2017 09 25.2  20.8996  +5.8938 22.0 Updated Sept. 26.31 UT           5   0.97 18.2  8.223
P10DHkh 100 2017 09 25.5   3.7213 -45.7723 22.2 Updated Sept. 26.62 UT           6   0.83 23.0  8.062
P10DHk9 100 2017 09 25.3  22.4540 +25.6396 21.8 Updated Oct. 3.24 UT            14   7.87 22.2  1.220
YSAE230  52 2017 09 25.4   7.1205 +59.8755 20.6 Updated Oct. 3.60 UT            19   8.04 16.1  0.971
P10DFyv 100 2017 09 24.4   1.2957  +1.0799 21.4 Updated Oct. 2.23 UT             9   7.79 21.8  2.222
P10DFyr  98 2017 09 24.4   2.5892 +11.3424 23.5 Updated Sept. 26.65 UT           6   1.10 27.6  8.916
P10DF0z 100 2017 09 24.3  22.6751  +4.0609 21.9 Updated Sept. 27.03 UT          10   2.66 19.5  7.446
P10DEd6 100 2017 09 24.5   5.0011 -45.9498 21.1 Updated Sept. 26.65 UT           7   1.03 18.9  8.826
P10DBiR 100 2017 09 24.2  22.3235 +31.8204 22.6 Updated Sept. 26.65 UT           6   1.11 20.0  9.036
P10DBiT 100 2017 09 24.2  21.5796 +26.6033 22.0 Updated Sept. 26.65 UT           6   1.11 23.6  9.049
P10DAWi 100 2017 09 24.2  21.1787  -2.1362 21.8 Updated Sept. 26.04 UT          10   0.87 23.5  9.323
P10DqVy  35 2017 09 21.5  23.3755 +32.7925 20.2 Updated Oct. 3.21 UT           107  11.68 20.3  1.233
P10DqgO  35 2017 09 21.4  23.1757 +12.3790 22.2 Updated Sept. 30.29 UT          21   8.81 19.0  4.157
P10DqgN  88 2017 09 21.4  23.1053  +7.0418 26.7 Updated Sept. 23.60 UT          15   0.86 29.1 12.104
P10Dm7l  35 2017 09 19.5  22.8220  +7.3764 20.0 Updated Sept. 30.90 UT         188  11.22 18.0  3.654
