N00bky0 100 2017 06 30.0   0.5414  +9.0197 20.3 Added July 4.03 UT              10   2.03 18.9  2.030
YNA363E  87 2017 07 03.3  22.2369  +1.2252 20.7 Updated July 3.43 UT             6   0.07 18.3  0.673
YN15B66 100 2017 07 02.3  20.7606 -17.7666 19.4 Added July 2.43 UT               3   0.02 25.7  1.721
YNA2C68 100 2017 07 02.3  19.2592 -21.0429 19.6 Updated July 2.45 UT             8   0.11 24.0  1.655
YNA2B7D  53 2017 07 02.3  19.7351 -20.5530 20.3 Updated July 3.44 UT            16   1.11 21.4  0.661
YNA294F 100 2017 07 02.2  16.7859  -8.0836 20.5 Updated July 2.36 UT             8   0.07 21.4  1.748
YNA2915  27 2017 07 02.2  17.0329  -9.4145 19.4 Updated July 4.05 UT            25   1.75 16.8  0.074
YNA28DD  88 2017 07 02.1  13.3156 +31.1856 20.3 Updated July 3.66 UT            17   1.03 21.4  0.888
A102Pue 100 2017 07 01.4  17.5666  +0.3843 17.0 Updated July 3.99 UT           111   2.57 21.8  0.106
P10BLgo  59 2017 07 01.5  21.5896 -14.2656 20.4 Updated July 3.79 UT            15  57.79 19.8  0.695
A102Pu6  30 2017 07 01.5  21.6157  -1.2129 19.6 Updated July 3.34 UT            16   1.79 17.0  0.771
YNA2450  98 2017 07 01.3  17.1549 +17.8066 19.7 Updated July 1.44 UT            12   0.06 26.5  2.653
YNA238A 100 2017 07 01.2  15.2459  +6.7178 20.9 Updated July 2.19 UT            10   0.93 23.7  1.916
YNA2303  89 2017 07 01.2  15.8356  -6.8132 20.1 Updated July 2.19 UT            19   0.97 26.6  1.910
M511Hb9 100 2017 06 30.9   9.8551 +16.3274 29.9 Updated July 1.36 UT             3   0.00 33.6  3.105
N00bk8h  35 2017 06 27.6   2.5325 -34.7581 20.9 Updated July 2.07 UT            16   3.52 20.1  2.947
A102O95 100 2017 06 28.4  23.3848  -3.5112 19.7 Updated June 28.95 UT            4   0.01 28.7  5.663
YMA105F 100 2017 06 28.4  21.9376 -13.5008 19.8 Added June 28.49 UT              3   0.00 18.6  5.627
YMA0E3D 100 2017 06 28.3  18.0307  -5.8846 20.3 Added June 28.49 UT              4   0.01 20.4  5.701
