YUB00EC  90 2017 10 29.2   2.3159 +35.8013 20.3 Added Oct. 29.30 UT              4   0.02 17.9  0.018
YUAFEF3  88 2017 10 29.2   1.0557 +39.5005 20.5 Added Oct. 29.26 UT              3   0.02 17.4  0.084
YUAFED7 100 2017 10 29.2   0.9567 +36.7934 19.3 Added Oct. 29.24 UT              3   0.01 28.2  0.088
YUAFE9E 100 2017 10 29.2   0.7981 +33.4843 21.1 Added Oct. 29.24 UT              3   0.02 18.9  0.086
YU059DA  98 2017 10 29.1   1.5551  +5.4594 18.6 Updated Oct. 29.28 UT            7   0.11 28.8  0.039
YUAFE6B 100 2017 10 29.1   0.3461 +35.2136 19.6 Added Oct. 29.22 UT              3   0.02 27.1  0.108
P10Es3z 100 2017 10 28.5   3.2368  +0.0610 21.6 Added Oct. 29.17 UT              4   0.04 21.5  0.768
YU0527C 100 2017 10 29.1   0.3394 +11.9990 19.0 Updated Oct. 29.21 UT           12   0.10 24.8  0.106
YUAFDC1 100 2017 10 29.1  22.1379 +35.7124 20.3 Updated Oct. 29.20 UT            7   0.08 18.6  0.126
P10Evjl 100 2017 10 28.5   3.6130  +5.0982 22.2 Added Oct. 28.88 UT              3   0.04 22.0  0.764
P10EtTe  88 2017 10 28.5   3.1513 +17.7647 21.1 Added Oct. 28.87 UT              3   0.04 21.1  0.717
P10EtTf  82 2017 10 28.5   4.0433 +22.3649 22.0 Added Oct. 28.86 UT              3   0.02 21.5  0.712
P10EtTj  90 2017 10 28.5   3.4386 +23.4778 22.1 Added Oct. 28.86 UT              3   0.02 22.0  0.727
P10EtRI 100 2017 10 28.5   3.1161 +18.6843 21.6 Added Oct. 28.85 UT              4   0.04 22.9  0.718
P10Et0W 100 2017 10 28.5   3.8060 +15.1380 20.3 Updated Oct. 28.88 UT            3   0.02 27.1  0.720
P10Et0X 100 2017 10 28.5   3.3144 +15.9115 20.5 Added Oct. 28.84 UT              3   0.04 22.9  0.717
P10EsW4 100 2017 10 28.5   3.8838 +19.8233 22.1 Added Oct. 28.83 UT              3   0.04 20.4  0.711
P10EsW1 100 2017 10 28.5   3.4815 +15.8709 19.9 Updated Oct. 28.95 UT            5   0.04 25.0  0.717
P10Es9U 100 2017 10 28.5   3.4868  +1.2628 21.1 Updated Oct. 28.94 UT           12  26.98 18.7  0.765
P10Es4l  73 2017 10 28.5   3.8358  +2.3985 21.5 Added Oct. 28.82 UT              4   0.04 19.4  0.761
P10Es51  93 2017 10 28.5   3.5794  +4.8216 22.2 Added Oct. 28.82 UT              3   0.04 22.6  0.764
P10Es3y 100 2017 10 28.5   3.6566  +2.5409 22.5 Added Oct. 28.81 UT              4   0.04 21.1  0.759
P10Es3x 100 2017 10 28.5   3.5095  +6.6643 22.0 Added Oct. 28.80 UT              3   0.02 23.3  0.763
P10Es3u 100 2017 10 28.5   3.3405  +5.0551 21.4 Updated Oct. 29.05 UT            4   0.04 25.6  0.767
P10Es3t 100 2017 10 28.5   3.5353  +5.5682 21.5 Added Oct. 28.80 UT              4   0.04 23.6  0.763
P10Es3v 100 2017 10 28.5   3.7030  +5.2471 21.2 Added Oct. 28.80 UT              4   0.04 25.0  0.764
P10Eqza 100 2017 10 28.4   2.1442  +0.2939 21.9 Added Oct. 28.79 UT              4   0.04 22.2  0.816
P10Eqzb 100 2017 10 28.4   1.9803  +0.7470 21.5 Added Oct. 28.78 UT              3   0.03 23.9  0.816
P10Eqol  89 2017 10 28.3   2.1272 +39.4583 21.4 Added Oct. 28.77 UT              3   0.04 20.0  0.916
P10Eqon  70 2017 10 28.3   2.5268 +35.2129 20.7 Updated Oct. 29.30 UT            6   0.93 20.1  0.020
P10Eqoj  82 2017 10 28.3   2.6391 +41.7592 21.3 Added Oct. 28.76 UT              3   0.04 20.8  0.914
P10Eqoi  92 2017 10 28.3   2.5024 +39.8332 20.8 Added Oct. 28.76 UT              4   0.04 18.6  0.913
P10Eqoh  93 2017 10 28.3   2.0067 +42.8249 21.5 Added Oct. 28.75 UT              4   0.04 19.5  0.915
P10Eqog  92 2017 10 28.3   2.2417 +38.5270 21.0 Added Oct. 28.75 UT              4   0.04 19.6  0.912
P10Eqo4 100 2017 10 28.3   2.7591 +40.0588 21.6 Added Oct. 28.73 UT              3   0.04 23.8  0.907
A104F4M 100 2017 10 28.4   4.2580  +9.5010 17.7 Added Oct. 28.73 UT              2   0.01 22.5  0.804
G07204  100 2017 10 28.1   3.1115 +18.2977 20.4 Added Oct. 28.59 UT              6   0.01 24.1  1.175
YUADD14  45 2017 10 28.1  22.3708 +29.5175 20.2 Updated Oct. 29.17 UT           11   1.01 17.6  0.170
YUADD93  45 2017 10 28.1  23.5084 +30.4244 21.1 Updated Oct. 29.18 UT            9   0.99 19.9  0.142
YUAFD23 100 2017 10 28.4   9.3266 +30.1648 20.9 Added Oct. 28.53 UT              4   0.02 18.8  0.808
YUAE97C 100 2017 10 28.3   3.8523 +27.7534 21.6 Added Oct. 28.49 UT              4   0.02 27.5  0.958
P10Eq1X 100 2017 10 28.3   1.4564 +24.1732 20.7 Added Oct. 28.49 UT              3   0.04 18.7  0.963
P10Eq1W  78 2017 10 28.3   1.5814 +23.7626 21.3 Updated Oct. 29.22 UT            7   0.83 21.2  0.171
P10EpDX  52 2017 10 28.2   0.4464 +41.4916 20.9 Updated Oct. 29.26 UT            9   0.90 18.3  0.139
YU04DAB 100 2017 10 28.3   7.6244 +44.2508 19.2 Updated Oct. 28.49 UT           11   0.10 23.5  0.834
YUAE6C0  56 2017 10 28.3   2.5381 +30.6787 21.0 Updated Oct. 28.52 UT           10   0.14 19.7  0.864
YUAE1CB  88 2017 10 28.2   2.4147 +28.4073 20.9 Updated Oct. 29.22 UT           18   0.94 28.4  0.102
YUAE2FF  80 2017 10 28.2   2.0012 +32.3927 21.1 Updated Oct. 29.31 UT           19   1.03 23.9  0.011
YUADF47  76 2017 10 28.2   0.9549 +32.7850 21.1 Updated Oct. 29.26 UT           21   1.02 19.1  0.070
YUADEF4  95 2017 10 28.2   0.9033 +26.4369 20.4 Updated Oct. 29.16 UT           18   0.92 23.9  0.172
P10EpAY  37 2017 10 27.5   2.2624 +18.9525 21.5 Updated Oct. 28.71 UT           14   9.84 11.8  0.931
P10EpAX  80 2017 10 27.5   7.8507 +36.1130 21.3 Updated Oct. 28.60 UT           10   0.92 12.3  0.806
P10Epve  43 2017 10 27.3   1.2453 +32.3476 21.4 Updated Oct. 28.64 UT           12   1.02 18.9  0.958
P10Epva  71 2017 10 27.3   1.5761 +29.5782 20.0 Updated Oct. 28.64 UT           12   0.93 18.3  1.052
P10Epso  77 2017 10 27.3   1.5516 +27.4965 21.6 Updated Oct. 29.28 UT           20   1.94 24.4  0.043
P10EppR  55 2017 10 27.2   0.0244 +33.0615 21.0 Updated Oct. 29.12 UT           10   1.81 18.3  0.217
P10EppS  32 2017 10 27.2   0.9487 +33.4356 21.0 Updated Oct. 29.26 UT           16   1.94 18.3  0.085
A104CR3  88 2017 10 27.2  22.6480 -30.2387 17.9 Updated Oct. 29.18 UT           34   1.83 18.9  0.179
P10EoLI  86 2017 10 27.5   7.8531 +37.5257 21.5 Updated Oct. 28.42 UT            8   0.82 18.8  0.904
P10Eob4  72 2017 10 27.5   2.4783 +21.0228 21.7 Updated Oct. 28.34 UT            8   0.79 13.1  0.992
P10Eo9E  78 2017 10 27.5   2.7672 +23.5059 20.0 Updated Oct. 29.29 UT           18   1.75 25.2  0.026
YUAA810 100 2017 10 27.2   2.2235 +21.3201 21.1 Updated Oct. 28.25 UT           11   0.95 21.5  1.079
YUABD07  74 2017 10 27.3   3.8394 +20.3231 21.3 Updated Oct. 28.55 UT           11   1.10 21.0  0.850
YUAA5E5  78 2017 10 27.2   1.5367 +27.6232 21.8 Updated Oct. 29.28 UT           22   2.01 24.1  0.043
YU03C95  85 2017 10 27.3   3.8966 +10.5238 19.3 Updated Oct. 28.64 UT           26   1.05 24.1  0.904
YUAB9C2  98 2017 10 27.3   3.1180 +28.5645 21.8 Updated Oct. 27.51 UT            8   0.17 29.2  1.812
YUAB36D  80 2017 10 27.2   1.0066 +25.1618 20.4 Updated Oct. 29.26 UT           36   1.98 21.1  0.075
YUAA890  85 2017 10 27.2   2.0774 +24.2654 21.4 Updated Oct. 28.52 UT           23   1.11 24.9  0.916
YUAA577  78 2017 10 27.2   1.5597 +17.4678 20.1 Updated Oct. 29.27 UT           30   2.01 21.5  0.047
YUAA505  77 2017 10 27.2   1.4613 +23.5613 19.9 Updated Oct. 29.30 UT           31   2.02 18.2  0.027
YUAA513 100 2017 10 27.2   1.8371 +19.6895 21.7 Updated Oct. 29.31 UT           12   2.04 28.8  0.014
YUA9ED1  85 2017 10 27.2   0.9011 +19.3982 20.0 Updated Oct. 29.16 UT           35   1.91 24.0  0.169
YUA9473  24 2017 10 26.2   1.6344 -11.0531 19.5 Updated Oct. 29.26 UT           23   2.93 17.9  0.102
YUA9A9D  75 2017 10 26.4   8.9531 -10.6742 21.1 Updated Oct. 28.60 UT           31   2.03 18.9  0.801
YUA8CF7  83 2017 10 26.2   0.3700  -8.8288 20.4 Updated Oct. 29.26 UT           29   2.90 22.8  0.178
YUA8B2A 100 2017 10 26.2   0.1894  -3.7933 20.8 Updated Oct. 28.51 UT           36   1.99 21.4  1.093
YUA8816  68 2017 10 26.2   0.0576  -9.8581 21.1 Updated Oct. 29.12 UT           24   2.89 21.3  0.207
YUA83C1  90 2017 10 26.1  23.3080 -10.3410 21.4 Updated Oct. 29.12 UT           26   2.91 21.6  0.236
YUA754E  88 2017 10 25.3   3.9533  -4.9146 23.0 Updated Oct. 26.71 UT           26   1.00 28.5  2.918
A104CkU 100 2017 10 23.4  13.0382  -0.5701 28.1 Added Oct. 24.45 UT              3   0.01 25.2  5.882
YUA3FE8 100 2017 10 24.3   3.8913  +0.9960 22.2 Added Oct. 24.41 UT              4   0.02 21.2  4.922
YUA08F1 100 2017 10 24.2   9.4850  +5.0425 22.7 Updated Oct. 24.57 UT            8   0.03 30.2  5.077
P10Em4l 100 2017 10 23.3   0.8437 +14.3119 22.7 Added Oct. 23.83 UT              4   0.04 26.0  5.892
YU9FD8C 100 2017 10 23.4  19.8882 -12.2413 24.4 Updated Oct. 23.61 UT            8   0.07 28.5  5.791
YU9F4AA  10 2017 10 23.3   3.8785  +9.7380 20.5 Updated Oct. 28.51 UT           54  56.88 15.5  0.834
YU9E227 100 2017 10 23.3  14.1553  -9.0237 99.9 Added Oct. 23.51 UT              3   0.02 31.9  5.969
P10ElAG 100 2017 10 22.4   1.6397 +10.6962 22.3 Added Oct. 22.90 UT              4   0.03 22.7  6.825
P10EiQz 100 2017 10 22.3  10.0673 +70.8181 20.5 Added Oct. 22.84 UT              3   0.04 27.6  6.882
P10EhUC 100 2017 10 22.4   3.0289 -12.0359 21.9 Added Oct. 22.83 UT              3   0.04 21.9  6.772
P10EhRh 100 2017 10 22.5   4.7660 -38.0035 21.5 Added Oct. 22.82 UT              3   0.04 22.2  6.715
P10EhMj 100 2017 10 22.5   3.6614  -8.7596 20.7 Updated Oct. 22.76 UT            3   0.04 21.9  6.767
X52709  100 2017 10 21.7   4.8268  -3.5042 20.5 Added Oct. 22.07 UT              3   0.03 20.6  7.534
YU95BEF  99 2017 10 21.4  15.3518 -20.3903 99.9 Updated Oct. 21.56 UT           10   0.05 27.0  7.792
YU3643C 100 2017 10 21.3   4.6613  -9.1329 21.9 Added Oct. 21.37 UT              4   0.02 26.4  7.952
YU938B0 100 2017 10 21.2   1.5735 +26.1156 20.8 Added Oct. 21.33 UT              3   0.01 21.1  8.001
YU9381C  98 2017 10 21.3  20.7284 +38.8723 22.9 Updated Oct. 21.64 UT            6   0.17 28.6  7.833
YU931A0  98 2017 10 21.2   1.3217 +12.8599 23.1 Updated Oct. 21.57 UT           12   0.18 26.6  7.884
YU92F9B  98 2017 10 21.2  11.6036 -13.2406 29.5 Updated Oct. 21.48 UT            7   0.09 29.5  8.001
YU92AFE 100 2017 10 20.4  11.8133 +29.7706 24.3 Updated Oct. 20.55 UT            8   0.04 25.6  8.794
YUC0117 100 2017 10 20.4  11.1618 -10.4725 26.3 Added Oct. 20.46 UT              3   0.00 25.9  8.860
YU913D2 100 2017 10 19.3   3.2958 -43.9597 23.4 Updated Oct. 19.40 UT            8   0.06 25.2  9.929
YU3358B  79 2017 10 18.3   2.2317 +17.4300 23.8 Added Oct. 18.37 UT              4   0.03 30.1 10.954
