YS1BE33 100 2017 09 25.2  22.9089  -2.5233 15.9 Added Sept. 25.28 UT             3   0.02 26.8  0.055
YS1B480  41 2017 09 25.1  22.8916 -18.0759 19.3 Updated Sept. 25.31 UT          11   0.09 17.6  0.023
YSAE1BF 100 2017 09 25.1  16.6630 +46.4201 17.7 Added Sept. 25.19 UT             2   0.01 22.1  0.134
P10DHjZ 100 2017 09 24.3  22.5957  -0.3707 21.7 Updated Sept. 25.13 UT           3   0.03 25.5  0.949
P10DGIG  83 2017 09 24.5   4.4460 +14.1613 21.9 Added Sept. 24.98 UT             3   0.03 19.6  0.746
P10DGIs  47 2017 09 24.5   4.1182  +7.1783 21.2 Updated Sept. 25.30 UT           6   5.95 18.7  0.749
P10DGGm 100 2017 09 24.5   4.0777 +13.1656 21.7 Updated Sept. 25.06 UT          12   2.04 20.8  0.750
P10DGz1 100 2017 09 24.4   3.0770 +12.9091 21.6 Added Sept. 24.97 UT             4   0.04 20.9  0.804
P10DGzR  81 2017 09 24.4   3.4435 +10.1458 19.0 Updated Sept. 25.30 UT           7   1.03 16.6  0.799
P10DGzS  78 2017 09 24.4   3.7910 +15.4317 21.4 Updated Sept. 25.31 UT           7   1.03 19.9  0.796
P10DFyw  78 2017 09 24.4   1.9832  +3.3802 20.7 Added Sept. 24.95 UT             4   0.04 18.9  0.849
P10DFyv  82 2017 09 24.4   1.2700  +2.8480 21.6 Added Sept. 24.95 UT             3   0.04 21.2  0.855
P10DFyu  98 2017 09 24.4   1.9110  +1.0735 21.8 Added Sept. 24.95 UT             4   0.04 21.7  0.849
P10DFyr 100 2017 09 24.4   1.5715  +6.7165 21.2 Added Sept. 24.94 UT             3   0.04 27.0  0.857
P10DF0z  86 2017 09 24.3  22.7874  +5.0340 21.4 Added Sept. 24.94 UT             4   0.04 19.3  0.946
P10DF3x  69 2017 09 24.3  22.7529  -0.5212 22.5 Added Sept. 24.94 UT             3   0.03 22.1  0.956
P10DF0w  77 2017 09 24.3  22.1418  +1.8224 21.9 Added Sept. 24.93 UT             3   0.04 20.1  0.951
P10DF0x  79 2017 09 24.3  22.1011  +7.9656 20.4 Added Sept. 24.93 UT             4   0.04 19.2  0.953
P10DF0y  83 2017 09 24.3  22.7107  +4.6307 22.0 Added Sept. 24.93 UT             3   0.03 21.9  0.957
P10DF0t  99 2017 09 24.3  22.6565  +6.4172 22.2 Added Sept. 24.92 UT             3   0.03 22.7  0.959
P10DF0v  91 2017 09 24.3  22.3436  +6.9911 22.0 Added Sept. 24.91 UT             3   0.04 20.8  0.952
P10DEit  80 2017 09 24.3  23.9391  +5.6826 20.5 Added Sept. 24.91 UT             4   0.03 20.3  0.899
P10DEiQ  82 2017 09 24.3  23.7600  +3.9437 21.4 Added Sept. 24.90 UT             4   0.03 21.8  0.901
P10DEiR  45 2017 09 24.3  23.0514  +5.3024 21.7 Updated Sept. 25.16 UT           6   0.76 20.0  0.169
P10DEeC  89 2017 09 24.2  22.5857 +27.6642 20.8 Updated Sept. 25.20 UT           6   0.91 21.2  0.120
P10DEeA  93 2017 09 24.2  22.7382 +29.9159 20.7 Updated Sept. 25.25 UT           6   0.94 19.8  0.091
P10DEeG 100 2017 09 24.2  22.7535 +28.9936 21.6 Updated Sept. 24.93 UT           8   0.04 18.2  0.997
P10DEez  68 2017 09 24.2  22.5990 +27.9028 19.5 Updated Sept. 25.24 UT           7   0.92 17.2  0.105
P10DEey 100 2017 09 24.2  22.3716 +24.5096 21.8 Added Sept. 24.88 UT             4   0.03 19.2  1.002
P10DEdb 100 2017 09 24.2  22.4231 +30.7875 22.2 Added Sept. 24.87 UT             3   0.02 23.6  1.001
P10DEda  96 2017 09 24.6   5.5692 -24.6433 21.7 Added Sept. 24.76 UT             3   0.02 20.2  0.680
P10DEd6 100 2017 09 24.5   4.5964 -41.3754 21.1 Added Sept. 24.75 UT             4   0.02 18.9  0.710
P10DEd5 100 2017 09 24.5   4.3432 -44.1928 20.1 Added Sept. 24.75 UT             3   0.02 18.8  0.714
P10DEd9 100 2017 09 24.6   5.5310 -26.8499 21.1 Added Sept. 24.75 UT             4   0.02 21.9  0.679
P10DC82 100 2017 09 24.3  22.1094  +2.4869 20.9 Updated Sept. 25.23 UT           9   0.84 20.0  0.151
P10DCcT 100 2017 09 24.4   1.0972  +0.0062 21.7 Added Sept. 24.74 UT             4   0.04 20.7  0.854
P10DBNu 100 2017 09 24.3  23.1538  +1.6696 22.0 Added Sept. 24.72 UT             3   0.03 23.2  0.906
P10DBnJ 100 2017 09 24.3  23.4815  +2.1287 21.9 Updated Sept. 25.25 UT           7   0.82 25.5  0.123
P10DBiR 100 2017 09 24.2  22.7805 +32.5738 22.1 Added Sept. 24.71 UT             3   0.02 19.9  0.998
P10DBiT 100 2017 09 24.2  22.3799 +28.0559 22.5 Added Sept. 24.71 UT             3   0.03 21.1  1.001
P10DBiS 100 2017 09 24.2  22.6176 +31.7911 21.2 Updated Sept. 25.18 UT           6   0.82 25.1  0.202
YSADD0E 100 2017 09 24.3   2.8108 +22.3157 22.3 Added Sept. 24.66 UT             3   0.01 19.9  0.900
YSAC521  49 2017 09 24.2  22.5659 +17.8950 20.4 Updated Sept. 25.23 UT          12 106.64 18.8  0.112
YSAC4D0 100 2017 09 24.2  22.5225 +16.9790 20.9 Updated Sept. 25.24 UT          12   0.96 19.4  0.138
YSADC8F 100 2017 09 24.3   2.9010 +25.6595 20.9 Added Sept. 24.54 UT             4   0.02 21.7  0.901
YSADBDB  91 2017 09 24.4   3.4479 +17.1883 20.0 Added Sept. 24.50 UT             4   0.02 18.4  0.859
YSADB82 100 2017 09 24.3   2.9977 +17.3219 20.3 Updated Sept. 24.56 UT           7   0.12 20.1  0.792
YSADB44  74 2017 09 24.3   2.2241 +24.4322 20.6 Updated Sept. 24.55 UT           8   0.15 18.9  0.806
YSAD74B 100 2017 09 24.3   2.5279 +18.7330 21.0 Updated Sept. 24.56 UT           6   0.15 21.3  0.809
YSAD617 100 2017 09 24.3   2.2769 +18.2961 19.0 Updated Sept. 24.77 UT          14   0.14 20.6  0.823
YSAD618  85 2017 09 24.3   2.3824 +19.2395 20.2 Added Sept. 24.44 UT             4   0.02 18.7  0.941
YSAD441 100 2017 09 24.3   2.3728 +11.2444 19.1 Updated Sept. 24.50 UT           7   0.13 21.5  0.825
YSAD3C0 100 2017 09 24.3   2.3690 +19.1307 19.8 Updated Sept. 24.51 UT           9   0.17 25.6  0.821
YS1A55C  64 2017 09 24.3   0.8355 +20.8905 19.9 Updated Sept. 24.47 UT          12   0.12 19.5  0.847
YSACE5A 100 2017 09 24.3   1.5935 +21.0583 20.1 Updated Sept. 24.47 UT          10   0.15 25.2  0.853
P10DAWi 100 2017 09 24.2  20.8368 -14.0774 21.7 Added Sept. 24.38 UT             4   0.03 21.8  1.045
YSACE08  98 2017 09 24.2   1.7247 +22.6950 21.0 Updated Sept. 24.50 UT           7   0.18 26.4  0.828
YSAC6A1  78 2017 09 24.2  23.1320 +19.2773 21.1 Updated Sept. 25.26 UT          15   1.00 25.5  0.068
YSACB83 100 2017 09 24.3   1.9452 +15.4730 21.3 Updated Sept. 24.49 UT           6   0.14 21.1  0.842
YSAC831  98 2017 09 24.2   0.0150 +19.0848 21.3 Updated Sept. 24.48 UT           9   0.20 26.7  0.851
YSAC710 100 2017 09 24.2   0.0644 +18.7818 19.9 Updated Sept. 24.49 UT          18   0.21 25.8  0.835
YS19972 100 2017 09 24.2  22.8192 +15.6018 19.7 Updated Sept. 25.24 UT          14   0.95 23.4  0.096
YSAC6EA 100 2017 09 24.2  23.5247 +17.9899 20.4 Updated Sept. 25.27 UT          13   1.01 26.5  0.061
YSAC5D7  90 2017 09 24.2  23.0616 +16.3913 21.6 Updated Sept. 25.26 UT          20   0.99 23.9  0.077
YSAC69F  61 2017 09 24.2  22.9151 +20.5125 20.8 Updated Sept. 25.25 UT          12   0.99 18.6  0.085
YSAC648 100 2017 09 24.2  22.7848 +19.6149 22.2 Updated Sept. 24.42 UT           5   0.15 20.9  0.924
YSAC49D 100 2017 09 24.1  22.0236 +16.3975 21.9 Updated Sept. 25.21 UT          11   0.94 24.1  0.178
YSAC4AF  53 2017 09 24.1  22.2484 +16.9577 21.0 Updated Sept. 25.29 UT          23   1.08 18.4  0.043
YSAC49B  85 2017 09 24.1  22.2612 +20.7771 20.2 Updated Sept. 25.22 UT          20   2.91 25.4  0.155
YSAC489 100 2017 09 24.1  21.9337 +18.5435 21.0 Updated Sept. 25.22 UT          12   0.93 18.0  0.190
YS1969E 100 2017 09 24.1  16.5235 +33.7746 19.1 Updated Sept. 25.18 UT          29   1.00 18.5  0.189
P10CRIH 100 2017 09 23.9   1.5439  +2.5883 17.7 Added Sept. 24.04 UT             2   0.02 17.1  1.332
P10DyXQ 100 2017 09 23.3  23.4747 -16.7543 21.7 Updated Sept. 24.62 UT          10   0.87 22.9  1.048
P10DyXP 100 2017 09 23.3  23.2108 -24.2106 21.0 Updated Sept. 23.95 UT           4   0.03 23.7  1.882
P10DANx 100 2017 09 23.2  22.2704 +40.0849 22.3 Added Sept. 23.85 UT             3   0.03 22.0  1.975
P10DzMA  71 2017 09 23.3  22.8646 -17.9673 21.9 Updated Sept. 24.16 UT           6   0.68 18.8  1.273
P10DzMy 100 2017 09 23.3  22.6373 -23.6300 21.3 Updated Sept. 24.16 UT           7   0.67 20.1  1.289
P10DzMz 100 2017 09 23.3  21.9698 -22.2795 21.6 Updated Sept. 23.86 UT           8  93.82 20.8  1.931
A1049wj  85 2017 09 23.4  22.6557 +21.0129 19.6 Updated Sept. 25.25 UT          39   1.79 23.4  0.109
P10DyYI  76 2017 09 23.3  23.4558 -13.7345 21.9 Updated Sept. 23.88 UT          11  55.84 19.9  1.879
P10DyYL  98 2017 09 23.3  23.6615 -12.5560 21.3 Updated Sept. 24.22 UT           7   0.74 20.5  1.176
P10DyYK  72 2017 09 23.3  23.7539 -10.0610 22.0 Updated Sept. 24.22 UT           7   0.76 20.2  1.154
P10DyYJ  75 2017 09 23.3  23.3859 -11.9721 22.1 Updated Sept. 24.22 UT           6   0.70 20.0  1.216
P10DyXE  93 2017 09 23.4   2.8014 +10.0114 21.2 Updated Sept. 24.57 UT           7   1.06 18.9  0.807
P10DyXG 100 2017 09 23.4   2.1925  +8.3279 21.9 Added Sept. 23.80 UT             3   0.03 21.1  1.842
P10DyXH 100 2017 09 23.4   2.6821 +10.6469 20.3 Added Sept. 23.80 UT             4   0.03 18.9  1.837
P10DyXD  91 2017 09 23.4   2.9684 +12.8468 21.8 Updated Sept. 24.66 UT          10   0.96 22.5  0.896
P10DyXw  80 2017 09 23.4   3.0773 +10.9466 21.4 Updated Sept. 24.96 UT          11   1.02 16.9  0.803
P10DyXv 100 2017 09 23.4   3.2818 +15.2270 21.9 Added Sept. 23.79 UT             3   0.03 20.2  1.793
P10DyXn 100 2017 09 23.5   4.2189 -30.5584 20.2 Added Sept. 23.78 UT             3   0.03 22.0  1.726
P10DyXp 100 2017 09 23.4   4.4068  +0.2596 20.7 Updated Sept. 24.58 UT           7   0.87 23.5  0.948
P10DyXo 100 2017 09 23.5   4.6685 -32.8867 21.5 Added Sept. 23.78 UT             3   0.03 19.2  1.722
P10DyXm 100 2017 09 23.5   3.2125 -37.9873 18.8 Updated Sept. 24.67 UT          10   1.08 20.1  0.700
A1047eS 100 2017 09 23.3  20.6934 +17.0310 20.9 Added Sept. 23.74 UT             4   0.02 26.7  1.928
P10DyXf 100 2017 09 23.4   2.5634 +19.3756 20.8 Updated Sept. 24.57 UT           7   0.88 25.0  0.990
P10DwLN  96 2017 09 23.3  22.7323 +32.6246 21.7 Updated Sept. 24.89 UT           9   1.01 19.1  0.999
P10DwLO  88 2017 09 23.3  22.6253 +33.4386 22.1 Updated Sept. 24.61 UT           6   0.84 19.8  1.161
P10DwLM 100 2017 09 23.2  21.9402 +35.5178 21.7 Updated Sept. 24.67 UT           6   0.87 19.4  1.145
P10DwLA 100 2017 09 23.2  17.8095 +73.5552 21.2 Updated Sept. 24.18 UT           7   0.91 12.1  1.155
P10DwxW  86 2017 09 22.5   5.0682  +9.9471 21.7 Updated Sept. 24.67 UT          15   1.88 19.7  0.893
P10DwH9  43 2017 09 22.5   5.1144 +10.4864 21.6 Updated Sept. 24.98 UT          12   2.04 19.0  0.739
P10Dw1r  69 2017 09 22.5   3.9364 -19.4844 21.2 Updated Sept. 23.90 UT          12   0.82 19.2  1.903
P10DvG3  85 2017 09 22.4   2.1704  -7.2180 21.0 Updated Sept. 24.68 UT          15   2.01 23.8  0.821
P10Dv1g  87 2017 09 22.4   0.3419  +1.9547 21.5 Updated Sept. 24.63 UT          15   1.87 23.4  1.015
P10Dv1h 100 2017 09 22.4   0.0982  +1.7345 20.9 Updated Sept. 23.85 UT          12   0.88 21.7  2.006
P10Dufm  96 2017 09 22.4   0.5193  -0.3852 21.2 Updated Sept. 23.86 UT          14   1.01 24.7  1.875
P10Ds4p  34 2017 09 22.2  20.9779 +11.5972 20.5 Updated Sept. 25.22 UT          27   2.88 18.3  0.192
P10Ds02  85 2017 09 22.5   4.7830 +13.4116 21.3 Updated Sept. 25.22 UT          15   2.04 22.2  0.744
P10DrZY  85 2017 09 22.4   2.6807  -4.6766 20.7 Updated Sept. 24.42 UT          15   1.89 23.8  0.937
P10DrZX  93 2017 09 22.4   2.5519 -11.0590 20.7 Updated Sept. 24.58 UT          14   2.02 22.7  0.810
P10DrZV  83 2017 09 22.4   0.6454  -2.2135 20.9 Updated Sept. 24.73 UT          17   2.02 24.8  0.870
P10DrZT 100 2017 09 22.3  22.9928  -5.5714 21.2 Updated Sept. 23.18 UT          13   0.81 26.9  2.169
YSAC392 100 2017 09 22.2   1.5193 -10.2928 18.5 Updated Sept. 24.35 UT         100   2.10 25.2  0.975
P10DrFA  89 2017 09 21.5   1.7813 +17.9353 21.4 Updated Sept. 24.66 UT          12   2.75 18.9  0.986
P10DrFr 100 2017 09 21.5   0.8858 +24.2111 21.8 Updated Sept. 24.63 UT          14   2.68 23.6  1.047
P10DrkR  95 2017 09 21.5   1.4543 +15.8885 21.5 Updated Sept. 24.60 UT          13   2.90 26.0  0.834
P10DqVC  55 2017 09 21.5   0.1022 +21.7096 20.7 Updated Sept. 24.56 UT          23  39.79 12.8  1.057
P10DqVz  81 2017 09 21.5   0.3915 +24.6175 21.1 Updated Sept. 24.60 UT          19   2.91 22.3  0.881
P10DqVD  76 2017 09 21.5   0.3381 +15.7480 21.2 Updated Sept. 22.47 UT           6   0.73 19.3  3.055
P10DqVB  95 2017 09 21.5   0.4240 +21.0428 21.3 Updated Sept. 24.68 UT          10   2.78 20.6  1.012
P10DqWy  67 2017 09 21.5   0.3615 +18.0197 21.4 Updated Sept. 22.28 UT           6   0.73 19.5  3.062
P10DqWx  71 2017 09 21.5   0.5156 +16.7132 21.1 Updated Sept. 22.56 UT           9   0.92 19.7  2.870
P10DqVA   0 2017 09 21.5  23.9045 +15.8799 19.8 Updated Sept. 25.30 UT          30   3.76 18.1  0.040
P10DqVy  89 2017 09 21.5   0.1966 +22.8966 19.8 Updated Sept. 24.70 UT          59   2.84 20.4  0.954
P10Dqio  58 2017 09 21.4  22.8836 +10.8112 21.3 Updated Sept. 24.56 UT          20  12.72 18.9  1.087
P10DqgO  83 2017 09 21.4  23.4588 +11.7557 21.9 Updated Sept. 24.41 UT          15   2.76 18.9  1.079
P10DqgN  88 2017 09 21.4  23.0894  +7.9967 24.0 Updated Sept. 23.60 UT          15   0.86 29.1  2.981
P10DpNa  72 2017 09 21.4  23.9787 -25.5360 21.1 Updated Sept. 24.21 UT          13   9.70 19.0  1.150
P10DpKS  92 2017 09 21.4  23.3233 -16.6371 21.3 Updated Sept. 23.60 UT          20   1.84 23.9  2.050
P10Dp7p  10 2017 09 21.3  22.1505 -12.7577 20.9 Updated Sept. 25.23 UT          30   3.79 20.6  0.157
P10Doe0  62 2017 09 21.3  22.1168 -38.8593 20.9 Updated Sept. 24.15 UT          12   2.67 18.1  1.305
P10DocU  78 2017 09 21.2  21.3932 -44.1579 20.8 Updated Sept. 23.13 UT          10  94.46 18.8  2.279
P10DobE   0 2017 09 21.4  23.5799 +17.7378 20.7 Updated Sept. 25.27 UT          33   3.79 24.0  0.055
P10DobF   5 2017 09 21.4  22.7219 +11.4222 20.8 Updated Sept. 25.24 UT          23   3.75 23.8  0.102
P10DobB 100 2017 09 21.5   0.7060 +15.6729 21.2 Updated Sept. 24.68 UT          12   2.74 22.0  1.039
P10DobD  95 2017 09 21.5   0.6131 +31.9707 20.8 Updated Sept. 24.71 UT          15   2.76 24.8  1.035
P10DobA   0 2017 09 21.5  23.9733 +19.4196 21.0 Updated Sept. 25.31 UT          23   3.76 20.9  0.033
P10Dobv  82 2017 09 20.2  20.1706 -44.4153 20.3 Updated Sept. 23.12 UT           9   2.77 16.7  2.295
P10Dob5 100 2017 09 20.2  20.0168 -42.2365 21.0 Updated Sept. 23.60 UT          15   2.80 19.1  2.264
P10DmZF  58 2017 09 19.5   1.8630 +14.3728 22.0 Updated Sept. 23.61 UT          13   3.77 18.5  1.991
P10DmZp 100 2017 09 19.5   1.7707  +8.0860 21.9 Updated Sept. 23.61 UT           9   3.74 24.0  2.017
P10Dm7l  10 2017 09 19.5   0.1297 +11.3190 19.4 Updated Sept. 25.11 UT          98   5.36 18.0  0.394
P10DlTW  77 2017 09 18.5   2.6104  +8.0974 21.0 Updated Sept. 24.57 UT          19   5.79 20.7  0.972
P10Dkud 100 2017 09 17.5   3.5164 -10.6986 21.8 Updated Sept. 24.02 UT          12   5.79 21.0  1.936
P10Dkpr 100 2017 09 17.5   2.8788 -36.4328 21.0 Added Sept. 17.93 UT             3   0.03 22.1  7.706
P10Dkps 100 2017 09 17.5   1.8101 -28.4603 20.9 Added Sept. 17.92 UT             3   0.04 21.8  7.744
P10Dixg 100 2017 09 17.4   3.6824 +27.4668 20.9 Added Sept. 17.85 UT             3   0.04 24.9  7.790
P10Dixf  35 2017 09 17.4   1.1372  +9.9611 20.5 Updated Sept. 25.11 UT          38   6.78 18.2  1.041
A103XCz 100 2017 09 16.4   0.7005  +6.6182 23.5 Added Sept. 16.76 UT             3   0.01 28.1  8.846
P10Dbi9  71 2017 09 15.4   0.5336 +13.4053 22.0 Updated Sept. 23.61 UT          12   7.78 23.5  2.076
P10Dbi1 100 2017 09 15.4   0.6332  +5.0781 21.1 Added Sept. 15.89 UT             3   0.04 21.5  9.815
P10D9cO 100 2017 09 15.4  23.3905 -18.4625 22.3 Added Sept. 15.84 UT             4   0.03 23.1  9.871
P10D9cP 100 2017 09 15.4  23.3820 -18.8343 22.6 Added Sept. 15.83 UT             3   0.02 23.6  9.883
P10D9cN 100 2017 09 15.4  23.7219  -7.4237 22.5 Added Sept. 15.82 UT             4   0.03 22.8  9.863
P10D8G3 100 2017 09 15.4   0.9761 -40.3491 21.9 Updated Sept. 21.92 UT           4   0.03 24.0  9.865
P10D7DK 100 2017 09 15.3  22.0243 -29.0274 22.3 Updated Sept. 17.64 UT           6   0.96 20.7  8.982
P10D7DD 100 2017 09 15.4  22.9876 -29.5756 21.7 Added Sept. 15.71 UT             3   0.02 21.4  9.867
A103TBy  95 2017 09 14.3   9.1818 -58.3970 21.5 Updated Sept. 18.60 UT          58   1.72 22.8  9.238
P10D5rr  98 2017 09 14.4  10.3424  +7.6301 99.9 Updated Sept. 15.86 UT           6   0.89 29.6 10.010
P10D5sm  97 2017 09 14.3  21.2842 -14.2822 23.7 Updated Sept. 23.60 UT          10   7.99 26.1  3.000
A103Qpl 100 2017 09 14.3  19.3772 -36.6169 22.8 Added Sept. 14.79 UT             2   0.01 22.5 10.926
P10D2do 100 2017 09 14.4  23.9740  +0.1785 21.9 Added Sept. 14.78 UT             3   0.02 24.2 10.867
P10D2dp  98 2017 09 14.4   1.5227 +10.6662 21.6 Updated Sept. 17.98 UT           6   0.98 27.4  9.920
P10D2dm  98 2017 09 14.4  23.1633  +0.5089 24.0 Updated Sept. 17.99 UT           6   0.96 26.4  9.936
YR1619D  72 2017 09 14.4   2.6577 +11.2164 23.5 Added Sept. 14.46 UT             4   0.02 28.0 10.887
X51913   99 2017 09 12.7   0.7925 +16.4101 22.8 Added Sept. 13.08 UT             3   0.03 26.5 12.534
X51916  100 2017 09 12.7   0.9760 +15.9672 18.9 Updated Sept. 14.05 UT           6   1.20 21.3 11.354
P10CX5g 100 2017 09 08.4  23.2268 -36.0133 22.0 Updated Sept. 12.13 UT           8   3.33 20.9 13.566
P10CWyD 100 2017 09 05.6   3.4932 -34.1368 20.5 Updated Sept. 7.70 UT            7   1.44 18.2 18.262
YRA9FF1 100 2017 09 01.4  22.8177 -60.6703 22.5 Updated Sept. 3.62 UT           11   1.03 23.6 22.877
YRA8DB7  88 2017 09 01.3  14.3821 -24.6628 29.4 Updated Sept. 2.52 UT           17   0.83 27.8 23.093
P10CTll 100 2017 08 31.4   0.8091  +0.7708 20.1 Updated Sept. 1.45 UT            6   0.98 21.4 23.866
P10CRlH  98 2017 08 31.5   1.5468  +2.7169 19.2 Updated Sept. 1.38 UT            7   0.81 19.6 23.938
