YU2EAEB  70 2017 10 16.2   1.7420 +15.4285 18.8 Added Oct. 16.31 UT              4   0.02 18.8  0.015
YU89439 100 2017 10 16.2   1.0002  +3.3591 20.9 Added Oct. 16.30 UT              4   0.02 24.2  0.035
YU89437 100 2017 10 16.2   0.9241  +2.8690 19.1 Added Oct. 16.30 UT              4   0.02 25.2  0.035
YU89338  99 2017 10 16.2   1.1672  +3.0859 20.9 Added Oct. 16.30 UT              4   0.02 20.2  0.033
YU89247 100 2017 10 16.2   0.8532  +4.8682 19.5 Added Oct. 16.29 UT              4   0.02 26.6  0.032
YU2E6A0 100 2017 10 16.2   0.2361 +11.9410 19.4 Added Oct. 16.29 UT              3   0.02 26.3  0.082
YU88B3B 100 2017 10 16.2   0.2289  +5.3306 21.5 Added Oct. 16.28 UT              4   0.02 21.1  0.057
YU88A67  99 2017 10 16.2   0.4001  +5.0577 21.2 Added Oct. 16.28 UT              4   0.02 20.3  0.058
YU885CE 100 2017 10 16.2   0.0971  +0.7881 22.2 Updated Oct. 16.28 UT            8   0.05 26.0  0.053
YU883E2 100 2017 10 16.2  23.7635  +2.0244 18.3 Added Oct. 16.25 UT              4   0.02 24.4  0.083
YU87791 100 2017 10 16.2  23.0247  +7.2635 21.3 Added Oct. 16.24 UT              4   0.00 25.3  0.080
YU87C01 100 2017 10 16.2  23.9473  +4.9911 20.4 Added Oct. 16.23 UT              4   0.02 25.8  0.086
YU873AB 100 2017 10 16.1  22.8091  +5.7933 19.8 Added Oct. 16.19 UT              4   0.02 20.7  0.125
YU8726E 100 2017 10 16.1  22.2581  +4.6584 20.7 Updated Oct. 16.24 UT            8   0.09 25.8  0.078
YT86F9F  80 2017 10 15.4   5.3118  +7.8252 19.6 Updated Oct. 16.28 UT           10   0.67 10.6  0.185
YT8406D  81 2017 10 15.3   1.6946  +7.4777 18.1 Added Oct. 15.58 UT              3   0.02 18.2  0.978
YT82EDF 100 2017 10 15.2  23.7055 +11.7910 22.1 Added Oct. 15.58 UT              4   0.02 21.7  1.065
YT86C68  84 2017 10 15.4   4.2090 +11.4335 20.8 Added Oct. 15.58 UT              4   0.02 19.2  0.860
YT86EA9  88 2017 10 15.4   4.9354 +10.4656 20.3 Updated Oct. 16.03 UT           18   0.57 26.9  0.298
YT86DFF 100 2017 10 15.4   4.2839  +6.1293 20.8 Updated Oct. 16.02 UT           10   0.59 23.3  0.311
YT86C62 100 2017 10 15.4   4.1660 +12.7955 19.7 Updated Oct. 16.09 UT           20   0.65 21.0  0.238
YT858EE  98 2017 10 15.4   1.6881  +7.8643 19.4 Updated Oct. 15.97 UT           11   0.15 26.9  0.818
YT8604A 100 2017 10 15.3   3.5522 +12.8185 21.6 Updated Oct. 15.59 UT            8   0.13 20.7  0.796
YT8604B  90 2017 10 15.3   3.5747 +15.1562 20.0 Updated Oct. 16.09 UT           17   0.70 26.6  0.228
YT85C0C  95 2017 10 15.3   2.3495  +9.5058 19.8 Updated Oct. 15.96 UT           17   0.60 24.7  0.364
YT858DF  95 2017 10 15.3   2.8732  +9.6145 18.4 Updated Oct. 16.02 UT           36   0.64 26.0  0.324
YT857CD 100 2017 10 15.3   2.4172  +6.2496 21.2 Updated Oct. 15.50 UT            8   0.14 23.5  0.827
YT85599 100 2017 10 15.3   2.6781 +14.6522 20.7 Updated Oct. 15.51 UT            8   0.13 23.0  0.817
YT843CC  98 2017 10 15.3   2.8966 +10.3700 19.8 Updated Oct. 16.00 UT           13   0.67 27.7  0.324
YT83F30  98 2017 10 15.3   1.8712 +16.3208 21.3 Updated Oct. 15.60 UT           12   0.17 28.4  0.844
YT83F29 100 2017 10 15.3   1.3227  +5.9827 22.4 Updated Oct. 15.97 UT            6   0.04 30.2  0.972
YT837B5  98 2017 10 15.2   1.4751 +10.0616 20.3 Updated Oct. 16.02 UT           14   0.67 27.1  0.337
YT827EB  78 2017 10 15.2   0.0438  +8.1836 20.0 Updated Oct. 16.25 UT           19   1.01 27.3  0.074
YT829D0  98 2017 10 15.2   0.5093 +13.5888 20.6 Updated Oct. 15.36 UT            7   0.10 26.7  0.964
YT826CC  90 2017 10 15.2  23.2859  +1.6134 17.0 Updated Oct. 16.19 UT           59   0.95 28.3  0.132
YT82469  94 2017 10 15.2  23.7808 +12.4987 21.2 Updated Oct. 15.40 UT           11   0.11 20.8  0.971
YT822F1 100 2017 10 15.2  22.9863  +7.2504 20.5 Updated Oct. 16.22 UT           18   1.00 21.5  0.106
YT822B4 100 2017 10 15.2  23.1988 +11.8539 21.0 Updated Oct. 15.33 UT            8   0.11 24.8  0.993
YT820F0 100 2017 10 15.1  22.6314  +8.1534 20.6 Updated Oct. 16.19 UT           21   0.99 22.0  0.142
YT81F7F  47 2017 10 15.1  21.9197 +11.8904 21.0 Updated Oct. 16.12 UT           15   0.95 19.2  0.202
YT81F0C 100 2017 10 15.1  20.9585  +8.4322 21.3 Updated Oct. 16.17 UT           10   1.03 22.0  0.171
YT805F3 100 2017 10 14.2   0.3272 +11.8484 21.2 Added Oct. 14.56 UT              4   0.02 20.9  2.017
YT2D321  24 2017 10 14.4   4.3024  -1.7378 19.6 Updated Oct. 16.12 UT           17   1.69 17.5  0.203
YT81604 100 2017 10 14.4   1.1229 +17.3868 20.8 Added Oct. 14.50 UT              4   0.02 21.0  1.859
YT814D1  89 2017 10 14.3   0.5539 +19.3213 20.7 Updated Oct. 15.60 UT           10   1.02 19.7  0.895
YT80952 100 2017 10 14.3   0.5624 +14.7761 21.8 Added Oct. 14.45 UT              4   0.03 19.7  1.878
YT807BC  93 2017 10 14.2  23.7054 +29.7036 21.5 Updated Oct. 16.23 UT           14   1.91 25.0  0.117
YT807BB 100 2017 10 14.2   0.0891 +20.9732 22.3 Added Oct. 14.32 UT              4   0.03 26.7  2.003
DR0190  100 2017 10 14.2   2.1943 +18.1857 20.8 Added Oct. 14.28 UT              3   0.02 20.6  2.044
YT80381  93 2017 10 14.2  23.5109 +24.9445 21.4 Updated Oct. 15.59 UT           17   1.07 25.5  0.994
YT802CA  98 2017 10 14.2   0.0703 +11.0526 21.5 Updated Oct. 16.29 UT           11   2.03 25.7  0.038
YT802C4 100 2017 10 14.2  23.9408 +15.4244 21.5 Updated Oct. 15.23 UT           11   0.98 25.1  1.093
YT80191 100 2017 10 14.2  22.9929 +17.6827 20.4 Added Oct. 14.26 UT              4   0.02 18.0  2.077
YT80190 100 2017 10 14.2  23.1892 +12.3425 23.7 Updated Oct. 14.61 UT            7   0.12 30.6  1.986
YT8009B  88 2017 10 14.1  23.2475 +19.3968 21.0 Updated Oct. 16.19 UT           13   1.98 27.6  0.141
YTBFF48  83 2017 10 14.1  23.1047 +10.7538 21.0 Updated Oct. 16.14 UT           27   1.98 24.9  0.188
YTBFF21  48 2017 10 14.1   0.6554 +31.7218 21.0 Updated Oct. 15.42 UT            7   1.25 19.6  0.907
MN03AF1 100 2017 10 13.7  21.4550 +45.1221 19.0 Added Oct. 14.03 UT              3   0.02 18.4  2.488
YTBFA5F  51 2017 10 13.4   2.3157 +20.6584 20.3 Updated Oct. 15.91 UT           12   2.42 19.9  0.422
YTBEAE1 100 2017 10 13.3   0.2878 +21.6003 20.9 Added Oct. 13.54 UT              4   0.03 21.1  2.956
YTBEA52 100 2017 10 13.2   0.2325 +18.8599 21.4 Updated Oct. 14.06 UT           10   0.75 25.1  2.272
YTBE888 100 2017 10 13.2   0.8088 +27.6284 21.8 Updated Oct. 14.57 UT           14   1.11 23.3  1.928
YTBE87B  44 2017 10 13.2   0.5931 +41.2173 21.7 Updated Oct. 16.27 UT           11   3.00 19.2  0.056
YTBE6EF  58 2017 10 13.1  21.7973 +25.8958 20.3 Updated Oct. 16.12 UT           31   2.93 15.1  0.202
YTBE46D 100 2017 10 12.4   2.0167 +21.7857 19.4 Added Oct. 12.55 UT              4   0.00 21.9  3.808
YTBE333 100 2017 10 12.4   0.3978 +29.8311 20.6 Added Oct. 12.45 UT              4   0.85 17.9  3.041
I130963 100 2017 10 12.2   2.5691 +15.9928 20.5 Added Oct. 12.39 UT              3   0.01 18.9  4.018
P10Eat6  53 2017 10 11.4   2.6543  -1.8322 19.8 Updated Oct. 15.57 UT           21   4.01 17.9  0.831
P10E9Nw 100 2017 10 11.4   5.5495 -26.6173 19.8 Added Oct. 11.75 UT              3   0.04 25.2  4.804
P10E8VJ 100 2017 10 11.4   1.3435  +1.9910 21.4 Added Oct. 11.75 UT              3   0.04 20.5  4.861
I130588 100 2017 10 11.1  23.0805  -3.4523 20.4 Added Oct. 11.45 UT              3   0.01 20.4  5.155
P10E7Iu  10 2017 10 10.5   3.4698 -16.2708 19.8 Updated Oct. 16.05 UT           30   5.49 10.0  0.279
P10E7Bq 100 2017 10 10.4   9.7386 -19.1320 23.2 Added Oct. 10.89 UT              3   0.02 26.4  5.792
P10E75U  10 2017 10 10.2  19.9671  -8.8913 21.1 Updated Oct. 16.17 UT           22   5.85 15.3  0.176
YTBD6E8  73 2017 10 10.3   1.7650 +44.5609 20.7 Updated Oct. 11.54 UT           12   0.98 18.2  4.991
A104nX1  10 2017 10 02.5   8.5090  -4.2574 18.2 Updated Oct. 16.20 UT           82  17.55 13.3  0.153
P10E2ep  10 2017 09 30.5   4.9627  +1.2960 21.2 Updated Oct. 16.12 UT           22  26.46 17.5  0.243
P10E1ZQ  10 2017 09 30.5   3.1310  -6.1039 19.4 Updated Oct. 16.28 UT           68  15.45 17.3  0.316
P10Dm7l  10 2017 09 19.5  21.6354  +2.7604 20.8 Updated Oct. 15.79 UT          202  26.22 17.9  0.538
