YTBDF2A 100 2017 10 12.2  23.3166 +28.1063 21.1 Added Oct. 12.31 UT              4   0.02 18.9  0.013
S090487 100 2017 10 12.0   2.2604 -47.9139 18.7 Updated Oct. 12.16 UT            9   0.07 17.8  0.168
A104utl 100 2017 10 11.4   3.1700  -7.6444 19.1 Added Oct. 11.89 UT              6   0.03 20.2  0.813
P10Eat6 100 2017 10 11.4   2.8030  -3.0670 20.0 Added Oct. 11.84 UT              4   0.04 18.7  0.803
P10EasQ  80 2017 10 11.4   2.5725  -5.1875 19.8 Added Oct. 11.84 UT              4   0.04 18.7  0.805
P10E9Xa  90 2017 10 11.4   0.9859  +0.3945 21.6 Added Oct. 11.83 UT              3   0.02 22.1  0.878
P10E9Tb  79 2017 10 11.3  23.9070 -14.0406 19.8 Updated Oct. 12.26 UT            6   0.86 20.7  0.074
A104shy 100 2017 10 11.3  20.7890 -23.7268 14.2 Updated Oct. 12.19 UT            4   0.02 24.8  0.942
P10E8VK  98 2017 10 11.4   1.1057  +4.2796 20.6 Updated Oct. 12.29 UT            6   0.87 25.4  0.037
P10E9Nw 100 2017 10 11.4   2.9249  -6.3614 20.0 Added Oct. 11.75 UT              3   0.04 25.2  0.805
P10E8VJ 100 2017 10 11.4   1.4597  +2.4915 21.3 Added Oct. 11.75 UT              3   0.04 20.5  0.862
A104rNj  90 2017 10 11.4   1.7290 +10.5234 18.8 Updated Oct. 12.04 UT           15   0.59 26.4  0.303
YTBDCE4  73 2017 10 11.3   3.4255 +34.6482 22.0 Added Oct. 11.53 UT              3   0.01 18.9  0.932
YTBD8BF  16 2017 10 11.2   0.0163 +36.5793 21.1 Updated Oct. 12.31 UT            7   1.05 14.2  0.034
YTBDE49  93 2017 10 11.4   9.4420 +41.1594 21.0 Added Oct. 11.52 UT              4   0.01 17.7  0.801
I130588 100 2017 10 11.1  23.2296  -3.9992 20.4 Added Oct. 11.45 UT              3   0.01 20.4  1.156
YT27CE1 100 2017 10 11.3   1.3756  -4.7232 19.3 Updated Oct. 11.58 UT            7   0.06 27.8  0.875
YTBDAE8 100 2017 10 11.3   2.3342 +36.0239 21.5 Updated Oct. 11.49 UT           12   0.15 27.9  0.838
YTBDAA2  93 2017 10 11.3   2.4885 +29.0198 19.9 Updated Oct. 12.27 UT           22   0.74 25.4  0.250
YTBD9B7  88 2017 10 11.2   1.8572 +35.6578 20.9 Updated Oct. 12.31 UT           15   0.97 24.5  0.039
YTBD99E 100 2017 10 11.2   0.8297 +38.2466 20.2 Added Oct. 11.31 UT              4   0.01 19.1  1.019
YTBD8E4 100 2017 10 11.2  23.7194 +35.0031 21.4 Added Oct. 11.26 UT              4   0.02 19.5  1.061
YTBD868 100 2017 10 11.2  23.6014  +9.4484 21.6 Added Oct. 11.23 UT              4   0.01 19.4  1.095
YTBD814  95 2017 10 11.1  22.6627 +43.6787 20.3 Updated Oct. 12.17 UT           17   0.96 24.8  0.169
P10E7Iu  48 2017 10 10.5   3.4934 -16.1235 19.9 Updated Oct. 11.64 UT           11   1.09 10.4  0.682
P10E7EH 100 2017 10 10.4   1.3981 -11.8071 20.7 Updated Oct. 11.24 UT            7   0.72 20.3  1.092
P10E7EK  89 2017 10 10.5   1.7162  -9.7841 18.5 Updated Oct. 11.55 UT           11   0.79 16.7  1.021
P10E7F4  45 2017 10 10.5   2.9708 -25.0237 20.2 Updated Oct. 11.85 UT           10   1.06 18.0  0.714
P10E7Br  99 2017 10 10.4   1.4500 -12.3429 20.3 Updated Oct. 12.29 UT           10   1.77 21.8  0.039
P10E7Bq 100 2017 10 10.4   2.8889 -23.2662 18.8 Added Oct. 10.89 UT              3   0.02 26.4  1.793
P10E7cH  35 2017 10 10.4   0.4655  -7.3537 21.3 Updated Oct. 12.28 UT            6   1.83 19.5  0.046
P10E764  46 2017 10 10.2  20.4347  -3.1828 21.3 Updated Oct. 12.19 UT           14   1.89 18.0  0.130
P10E75U 100 2017 10 10.2  19.9366  -8.0939 21.2 Updated Oct. 12.15 UT            7   1.86 16.8  0.172
P10E766 100 2017 10 10.2  20.6979  -5.4404 21.6 Added Oct. 10.86 UT              3   0.03 20.6  1.984
P10E765  43 2017 10 10.2  20.4298  -6.1184 20.9 Updated Oct. 12.20 UT           10   1.89 18.4  0.140
P10E75V  95 2017 10 10.2  20.8350  -4.5032 21.3 Updated Oct. 12.17 UT           13   1.87 20.4  0.148
P10E6Vq 100 2017 10 10.5   2.2376 -12.6587 20.0 Added Oct. 10.75 UT              4   0.03 24.4  1.779
P10E64s 100 2017 10 10.4   1.0322  -4.1579 20.4 Added Oct. 10.74 UT              4   0.04 23.8  1.828
P10E5jf  83 2017 10 10.2  21.2078  -0.4575 19.9 Updated Oct. 12.27 UT           22   1.80 23.0  0.223
P10E5je 100 2017 10 10.2  20.9238  -2.4677 21.9 Updated Oct. 12.16 UT           10   1.85 21.9  0.164
YTBD7C4 100 2017 10 10.4   8.6180 +42.4399 20.3 Updated Oct. 11.50 UT           16   1.01 20.5  0.818
YT2424B  50 2017 10 10.2  23.7140 +11.1322 19.2 Updated Oct. 12.22 UT           26   1.94 17.5  0.104
YTBD736  85 2017 10 10.3   3.3550 +41.7891 19.4 Updated Oct. 12.27 UT           28   1.79 23.3  0.157
YTBD6E8  73 2017 10 10.3   1.8505 +44.8392 20.8 Updated Oct. 11.54 UT           12   0.98 18.2  0.992
YTBD687  71 2017 10 10.3   1.4598 +42.0256 21.1 Updated Oct. 12.28 UT           14   1.94 20.3  0.049
YT24EC8  83 2017 10 10.3   1.2132  +3.6604 19.2 Updated Oct. 11.89 UT           29   1.57 22.4  0.443
YT23EBD  74 2017 10 10.2  23.6901  +9.2348 19.9 Updated Oct. 11.58 UT           13   1.12 18.4  0.945
YTBD66C  66 2017 10 10.2   0.9232 +44.2783 20.8 Updated Oct. 11.47 UT           14   1.17 18.3  0.849
YTBD668 100 2017 10 10.2   0.6475 +44.3523 21.2 Updated Oct. 11.25 UT           10   0.94 19.7  1.074
YTBD65D 100 2017 10 10.2   0.6277 +42.3198 21.7 Updated Oct. 10.50 UT            8   0.18 20.4  1.839
YT24A6F  78 2017 10 10.2   2.1127  +5.3928 20.3 Updated Oct. 12.30 UT           22   1.99 27.1  0.038
YT24660  85 2017 10 10.2   0.8367  -1.4267 17.9 Updated Oct. 12.06 UT           49   1.77 24.9  0.265
YT2461E  85 2017 10 10.2   1.8180 -26.3179 18.1 Updated Oct. 12.17 UT           36   1.71 25.9  0.317
YT241F5  78 2017 10 10.2   1.9466  +6.6895 19.5 Updated Oct. 12.03 UT           21   1.76 28.7  0.294
YTBD5C3  71 2017 10 10.2  23.1707 +41.7406 20.3 Updated Oct. 12.25 UT           18   1.99 19.0  0.095
N00c13o  10 2017 10 06.2  20.8260 -53.1364 21.8 Updated Oct. 11.53 UT           15   5.17 20.3  0.876
YT23AA8  88 2017 10 09.2   1.4436 +49.6132 18.3 Updated Oct. 12.27 UT           65   2.87 21.7  0.150
YTBD540  90 2017 10 09.1  16.6172 +53.8458 20.1 Updated Oct. 12.15 UT           33   3.00 20.4  0.202
A104plI   5 2017 10 07.3  23.6254  +5.2265 19.0 Updated Oct. 11.91 UT           30   4.49 23.2  0.484
P10E3Xb 100 2017 10 07.5   5.3770 -24.9665 20.7 Added Oct. 7.71 UT               3   0.03 18.5  4.705
N00c0wn 100 2017 10 04.7   7.6119 +62.3249 20.5 Added Oct. 6.92 UT               5   0.72 22.6  6.802
YTBD536  72 2017 10 03.4   7.7895 +53.9584 21.3 Updated Oct. 9.52 UT             8   6.03 17.2  2.810
N00c0cb  35 2017 09 29.6   8.4426 +26.4434 21.1 Updated Oct. 9.91 UT            21   9.87 20.8  2.820
A104nX1  10 2017 10 02.5   8.4542  -4.2185 18.2 Updated Oct. 12.04 UT           54  12.89 13.2  0.818
YTBCE5D  98 2017 10 01.3  23.5442 +41.0846 26.0 Updated Oct. 2.14 UT            11   0.79 29.4 10.179
P10E2ep  59 2017 09 30.5   4.9514  +1.7655 21.3 Updated Oct. 1.67 UT            10  11.92 17.5 10.784
P10E1ZQ  10 2017 09 30.5   3.1387  -3.9714 19.5 Updated Oct. 11.58 UT           45  10.81 17.3  0.953
YSB9E03  10 2017 09 29.1  21.4497  +6.8014 21.6 Updated Oct. 12.19 UT           34  28.70 20.5  0.140
P10DVyZ 100 2017 09 28.4  23.4716  -3.8912 22.9 Updated Sept. 30.33 UT           6   1.88 20.0 12.000
YS1D771  10 2017 09 28.3  23.6506  +9.7353 19.6 Updated Oct. 12.07 UT           94  36.63 18.6  0.276
N00bzsy 100 2017 09 25.4   6.3044 +30.0588 19.6 Updated Oct. 12.04 UT           11   1.24 18.4 15.572
P10DRF2 100 2017 09 26.5   0.4591 -33.9896 21.1 Updated Oct. 11.58 UT           10  15.00 22.8  0.760
P10DRGJ  72 2017 09 26.5   5.0836 -23.4155 21.2 Updated Oct. 1.41 UT             7   4.80 19.3 10.911
P10DLg0 100 2017 09 25.5   4.8973 -47.6148 21.0 Updated Sept. 27.63 UT          10   1.76 19.7 15.007
P10DLgC 100 2017 09 25.5   4.2590 -37.1170 19.6 Updated Sept. 26.65 UT           9   0.81 18.6 15.963
P10DIit 100 2017 09 25.3  23.6384  -3.0099 23.3 Updated Sept. 26.64 UT           6   0.83 23.3 16.098
P10DHqS  69 2017 09 25.2  20.9188  +5.1255 22.2 Updated Sept. 26.31 UT           5   0.97 18.2 16.102
P10DHkh 100 2017 09 25.5   3.7940 -49.6430 22.6 Updated Sept. 26.62 UT           6   0.83 23.0 15.942
P10DFyr  98 2017 09 24.4   2.8042 +12.2827 24.4 Updated Sept. 26.65 UT           6   1.10 27.6 16.795
P10DF0z 100 2017 09 24.3  22.6228  +3.3756 22.3 Updated Sept. 27.03 UT          10   2.66 19.5 15.325
P10DEd6 100 2017 09 24.5   5.3480 -49.6077 21.0 Updated Oct. 11.71 UT           10  17.12 19.1  0.613
P10DBiR 100 2017 09 24.2  22.0475 +30.8060 22.9 Updated Sept. 26.65 UT           6   1.11 20.0 16.915
P10DBiT 100 2017 09 24.2  20.4946 +21.9646 21.8 Updated Sept. 26.65 UT           6   1.11 23.6 16.928
P10DAWi 100 2017 09 24.2  21.5367  +7.6876 21.9 Updated Sept. 26.04 UT          10   0.87 23.5 17.202
P10DqVy  35 2017 09 21.5  22.7662 +38.0827 20.7 Updated Oct. 10.44 UT          127  18.90 20.3  1.888
P10DqgO  35 2017 09 21.4  22.9696 +12.7392 22.4 Updated Oct. 10.34 UT           24  18.84 19.0  1.999
P10DqgN  88 2017 09 21.4  23.1461  +6.8250 28.0 Updated Sept. 23.60 UT          15   0.86 29.1 19.983
P10Dm7l  35 2017 09 19.5  21.9643  +4.1185 20.6 Updated Oct. 11.85 UT          191  21.57 18.0  1.190
