P10EAP5  76 2017 10 31.6   8.8772  -8.5328 20.6 Added Oct. 32.00 UT              4   0.03 17.3  0.664
P10EAPl 100 2017 10 31.6   8.6125  -1.9236 20.3 Added Oct. 31.99 UT              4   0.03 17.9  0.666
P10EAPm  97 2017 10 31.6   8.7008  -2.9444 20.8 Added Oct. 31.99 UT              3   0.03 18.9  0.665
X53119  100 2017 10 31.4   0.2517 +44.1116 20.4 Added Oct. 31.64 UT              3   0.04 22.5  0.798
YU0A95D  43 2017 10 31.3   2.5622 +32.9301 19.9 Added Oct. 31.55 UT              3   0.42 18.9  0.481
YUB0F60  81 2017 10 31.4   7.4700 +41.8849 20.9 Added Oct. 31.54 UT              4   0.02 18.8  0.843
YUB0E96  84 2017 10 31.3   3.9034 +19.4503 21.5 Added Oct. 31.54 UT              4   0.02 21.1  0.894
YU0AB65 100 2017 10 31.4   6.6457 +58.7731 18.8 Updated Nov. 1.18 UT            28   0.69 18.7  0.136
YUB0FFA 100 2017 10 31.4   9.0812 +39.0934 21.7 Updated Oct. 31.54 UT            8   0.03 19.3  0.793
P10EAI6 100 2017 10 30.5   4.3717  -1.8906 21.3 Added Oct. 31.43 UT              4   0.04 19.2  1.747
P10EyGy 100 2017 10 30.5   4.8431 +21.8714 22.1 Updated Oct. 31.49 UT            6   0.91 17.3  0.824
P10EzJx 100 2017 10 30.5   3.9310  -4.1655 21.1 Updated Oct. 31.48 UT            7   0.92 26.0  0.867
P10EAGf  40 2017 10 30.4   3.9084 -19.4783 20.6 Updated Nov. 1.24 UT             7   1.75 18.4  0.074
P10EAHQ 100 2017 10 30.3   1.2696 +36.2737 20.8 Added Oct. 31.22 UT              3   0.04 18.7  1.878
P10EAGe  51 2017 10 30.4   3.8958 -20.1743 20.8 Updated Nov. 1.23 UT             7   1.74 19.1  0.086
P10EAGc  61 2017 10 30.4   3.6888 -16.1931 20.4 Updated Nov. 1.22 UT             7   1.73 18.2  0.097
P10EzLB  77 2017 10 30.5   4.7655 +20.1584 20.6 Updated Oct. 31.35 UT            7   0.75 18.0  0.974
P10EzNU  88 2017 10 30.5   5.0588  +0.2676 19.6 Updated Oct. 31.87 UT           10   1.06 16.7  0.718
P10EzJz 100 2017 10 30.5   4.3023  +1.5546 21.5 Updated Oct. 31.56 UT            6   1.00 22.5  0.783
P10EAGd  60 2017 10 30.4   3.1116 -18.9415 20.7 Updated Nov. 1.22 UT             9   1.73 19.0  0.107
P10EAHP 100 2017 10 30.3   1.3262 +40.4416 20.7 Added Oct. 31.19 UT              4   0.04 18.9  1.877
P10EzJy 100 2017 10 30.5   4.8433  -9.9653 21.3 Updated Oct. 31.55 UT            6   0.98 22.1  0.797
P10EzLn  99 2017 10 30.5   4.0150 +17.8978 21.8 Updated Oct. 31.56 UT            5   0.95 21.9  0.772
P10EzNT 100 2017 10 30.5   4.4368  -4.8400 21.3 Added Oct. 31.18 UT              3   0.04 19.8  1.747
P10EzLA 100 2017 10 30.5   4.5695 +19.9778 21.6 Added Oct. 31.18 UT              3   0.04 18.8  1.695
P10EzLC 100 2017 10 30.5   5.7604  +3.7935 20.0 Updated Oct. 31.23 UT            3   0.03 25.9  1.747
P10EzNS 100 2017 10 30.3   1.7783 +42.2034 20.8 Updated Oct. 31.89 UT            9   1.47 22.4  0.439
P10EwYK  49 2017 10 29.6   8.9052 +36.8276 21.1 Updated Oct. 31.55 UT            8   1.89 18.3  0.808
P10EwZv 100 2017 10 29.5   8.5474 +34.0283 22.1 Updated Oct. 30.99 UT            4   0.04 20.6  2.667
P10EwYL 100 2017 10 29.5   8.9526 +40.8156 22.0 Updated Oct. 30.98 UT            3   0.04 19.1  2.670
P10Ex26  98 2017 10 29.5   8.0928 +26.3314 22.0 Updated Oct. 31.10 UT            7   0.97 19.6  2.718
YU09094 100 2017 10 30.2   4.9745 +41.7955 20.5 Updated Oct. 30.57 UT            3   0.02 28.3  2.015
P10ExSP  65 2017 10 29.3   3.0803 +27.6371 20.0 Updated Oct. 30.40 UT            8   1.00 18.0  1.915
P10ExSQ  72 2017 10 29.3   3.6364 +26.6010 20.0 Updated Oct. 31.55 UT           12   2.10 19.8  0.802
P10ExbO 100 2017 10 29.4   3.7136  +6.0526 20.4 Updated Oct. 30.27 UT            6   0.74 19.6  2.068
P10ExaZ 100 2017 10 29.4   3.2145  +7.3652 20.9 Added Oct. 29.90 UT              4   0.04 22.9  2.780
P10Ex23  99 2017 10 29.5   7.6334 +31.1877 21.6 Updated Oct. 31.10 UT           17   2.94 19.9  1.785
P10Ex24 100 2017 10 29.5   7.3020 +29.9727 21.9 Updated Oct. 30.98 UT            4   0.04 20.7  2.726
P10Ex22  91 2017 10 29.5   7.4422 +29.4458 21.9 Updated Oct. 31.55 UT           10   1.97 20.9  0.792
P10EwQA  88 2017 10 29.3   1.5845 -43.7235 19.1 Updated Nov. 1.19 UT            15   2.77 18.0  0.172
P10EwtS 100 2017 10 29.4   2.9577  -5.2341 21.1 Updated Oct. 31.31 UT            9   1.80 22.1  1.064
P10EwQi  45 2017 10 29.3   0.3988 -40.5530 21.0 Updated Nov. 1.19 UT             9   2.78 18.6  0.189
P10EwQh  58 2017 10 29.3   0.8633 -39.4130 21.4 Updated Nov. 1.19 UT            21  48.65 12.1  0.178
YUB06C2  52 2017 10 29.3   3.4227 +33.6005 21.8 Updated Oct. 31.40 UT           10   2.04 20.0  0.921
YUB0764  90 2017 10 29.3   2.7388 +22.8801 20.1 Updated Oct. 31.94 UT           38   2.59 21.4  0.377
P10Es3z  35 2017 10 28.5   3.2100  -0.1399 21.2 Updated Oct. 30.69 UT           32  28.82 14.7  1.902
P10Evjl 100 2017 10 28.5   3.6251  +5.0463 22.0 Added Oct. 28.88 UT              3   0.04 22.0  3.755
P10EtTf  85 2017 10 28.5   4.0535 +22.8018 21.8 Updated Oct. 30.56 UT            5   1.79 22.3  1.942
P10EtTj  93 2017 10 28.5   3.4619 +22.8984 21.9 Updated Oct. 30.57 UT            6   1.95 22.2  1.796
P10EtRI 100 2017 10 28.5   3.0903 +21.1082 21.6 Updated Oct. 29.58 UT           10   0.78 23.4  2.969
P10Et0W 100 2017 10 28.5   4.7608 +13.7747 21.3 Updated Oct. 28.88 UT            3   0.02 27.1  3.711
P10EsW4 100 2017 10 28.5   3.7893 +19.7248 22.0 Updated Oct. 30.46 UT            6   1.88 21.0  1.864
P10Es4l  96 2017 10 28.5   3.7848  +2.1173 21.3 Updated Oct. 29.91 UT            7   1.01 19.3  2.775
P10Es3y 100 2017 10 28.5   3.5808  +2.6571 22.4 Updated Nov. 1.27 UT             8   1.94 20.0  1.849
P10Es3t 100 2017 10 28.5   3.7232  +5.3325 21.2 Updated Oct. 30.98 UT           11   1.02 24.0  2.770
P10Eqza 100 2017 10 28.4   1.9896  -1.2520 22.0 Added Oct. 28.79 UT              4   0.04 22.2  3.807
P10Eqol 100 2017 10 28.3   2.0662 +38.6869 21.4 Added Oct. 28.77 UT              3   0.04 20.0  3.908
P10Eqoj  77 2017 10 28.3   2.5950 +42.1327 21.2 Updated Oct. 30.56 UT            9   2.10 19.8  1.841
P10Eqoi  85 2017 10 28.3   2.4389 +39.2086 20.7 Updated Oct. 30.56 UT            7   2.09 18.5  1.851
P10Eqoh  88 2017 10 28.3   1.9408 +42.2546 21.2 Updated Oct. 31.20 UT           10   2.07 19.0  1.870
A104F4M 100 2017 10 28.4  23.9694 +39.5817 18.7 Added Oct. 28.73 UT              2   0.01 22.5  3.795
YUAE97C 100 2017 10 28.3   4.6481 +25.4443 21.8 Added Oct. 28.49 UT              4   0.02 27.5  3.949
P10Eq1X  68 2017 10 28.3   1.4118 +22.8994 20.8 Updated Oct. 29.58 UT            6   1.18 19.0  2.811
P10Eq1W 100 2017 10 28.3   1.5679 +23.4467 21.4 Updated Oct. 29.40 UT           10   0.93 20.8  3.059
P10EpAY  93 2017 10 27.5   2.2460 +18.7804 21.5 Updated Oct. 31.43 UT           17   9.84 10.8  3.923
P10EpAX  85 2017 10 27.5   7.8288 +36.2128 21.5 Updated Oct. 31.07 UT           22   2.94 12.1  1.775
YUAB9C2  98 2017 10 27.3   3.0263 +38.0347 21.9 Updated Oct. 27.51 UT            8   0.17 29.2  4.804
YUA754E  88 2017 10 25.3   3.9126  -4.5878 23.6 Updated Oct. 26.71 UT           26   1.00 28.5  5.910
YU9F4AA  10 2017 10 23.3   3.7589  +8.6707 20.4 Updated Oct. 31.41 UT           75  59.81 15.5  0.904
YU9381C  98 2017 10 21.3  20.2779 +37.1934 23.7 Updated Oct. 21.64 UT            6   0.17 28.6 10.824
YU931A0  98 2017 10 21.2   1.3936 +11.2365 23.6 Updated Oct. 21.57 UT           12   0.18 26.6 10.875
