YTBD99E  66 2017 10 11.2   0.8687 +37.9889 20.2 Added Oct. 11.31 UT              4   0.01 19.1  0.018
YT273BF 100 2017 10 11.2   0.8352  -4.2104 17.6 Added Oct. 11.28 UT              4   0.01 27.4  0.043
YTBD8E4  66 2017 10 11.2  23.7365 +35.1709 21.4 Added Oct. 11.26 UT              4   0.02 19.5  0.060
YTBD88F  82 2017 10 11.2  23.4133 +35.1650 21.1 Added Oct. 11.24 UT              4   0.02 19.1  0.084
YTBD868  81 2017 10 11.2  23.6214  +9.4837 21.6 Added Oct. 11.23 UT              4   0.01 19.4  0.095
YTBD814  98 2017 10 11.1  22.5876 +38.0902 20.0 Updated Oct. 11.28 UT            8   0.10 24.6  0.032
P10E7Iu  78 2017 10 10.5   3.5001 -16.0821 19.9 Added Oct. 10.91 UT              4   0.04 19.1  0.730
P10E7EH  75 2017 10 10.4   1.4087 -11.8795 20.7 Updated Oct. 11.24 UT            7   0.72 20.3  0.091
P10E7EK  62 2017 10 10.5   1.7338  -9.8590 18.5 Updated Oct. 11.24 UT            7   0.72 17.3  0.088
P10E7F4  75 2017 10 10.5   2.9808 -24.6861 20.2 Added Oct. 10.90 UT              4   0.04 17.8  0.733
P10E7Br 100 2017 10 10.4   1.4759 -13.4606 20.4 Updated Oct. 11.24 UT            7   0.72 21.9  0.095
P10E7Bq 100 2017 10 10.4   1.8815 -16.5440 19.1 Added Oct. 10.89 UT              3   0.02 26.4  0.793
P10E7cH  77 2017 10 10.4   0.4980  -7.5676 21.3 Added Oct. 10.89 UT              3   0.03 19.6  0.845
P10E7ad  84 2017 10 10.3  23.4797 -28.6636 19.9 Added Oct. 10.87 UT              4   0.03 18.3  0.889
P10E764  56 2017 10 10.2  20.4161  -2.8317 21.3 Updated Oct. 11.23 UT            7   0.92 18.3  0.100
P10E75U 100 2017 10 10.2  19.9313  -7.8899 21.1 Added Oct. 10.87 UT              4   0.04 20.0  0.991
P10E766 100 2017 10 10.2  20.6870  -5.1781 21.6 Added Oct. 10.86 UT              3   0.03 20.6  0.984
P10E765  83 2017 10 10.2  20.3949  -6.1636 20.8 Updated Oct. 11.18 UT            5   0.88 18.4  0.147
P10E75V 100 2017 10 10.2  20.7860  -4.5783 21.4 Updated Oct. 11.13 UT            7   0.83 21.0  0.197
P10E6Vq 100 2017 10 10.5   2.0306 -12.3821 19.9 Added Oct. 10.75 UT              4   0.03 24.4  0.778
P10E64s 100 2017 10 10.4   0.9841  -5.5095 20.4 Added Oct. 10.74 UT              4   0.04 23.8  0.828
P10E5jf 100 2017 10 10.2  20.9567  -2.2164 20.0 Updated Oct. 11.19 UT           10   0.89 23.0  0.136
P10E5je 100 2017 10 10.2  20.9354  -2.3055 21.9 Updated Oct. 11.18 UT            7   0.87 21.6  0.150
YTBD7C4 100 2017 10 10.4   8.6750 +41.4389 20.4 Updated Oct. 10.54 UT            8   0.04 21.2  0.794
YT260FE  88 2017 10 10.4   0.5614  -6.7919 19.1 Updated Oct. 11.30 UT           23   0.87 26.4  0.016
YT2424B  68 2017 10 10.2  23.7215 +11.7451 19.1 Updated Oct. 11.16 UT           14   0.85 17.4  0.201
YTBD736  93 2017 10 10.3   3.1232 +41.0381 19.6 Updated Oct. 11.02 UT           18   0.64 23.3  0.308
YT23C8F 100 2017 10 10.2  23.5625  +1.1280 18.7 Updated Oct. 11.20 UT            9   0.98 27.0  0.122
YTBD6E8  46 2017 10 10.3   1.8715 +44.8866 20.9 Updated Oct. 10.50 UT            8   0.14 19.4  0.830
YT252D2  88 2017 10 10.3   0.3299 +20.6254 18.6 Updated Oct. 11.11 UT           29   0.76 26.3  0.218
YTBD687  83 2017 10 10.3   1.5024 +41.3048 21.2 Updated Oct. 11.29 UT           12   0.96 20.5  0.034
YT24EC8  93 2017 10 10.3   1.3170  +3.4115 19.1 Updated Oct. 11.08 UT           20   0.76 22.4  0.251
YT23EBD 100 2017 10 10.2  23.6908  +9.5330 19.5 Updated Oct. 10.85 UT            6   0.08 19.9  0.994
YTBD66C  98 2017 10 10.2   0.9440 +44.4546 20.8 Updated Oct. 11.27 UT           11   0.97 18.6  0.047
YTBD668  71 2017 10 10.2   0.6714 +44.4481 21.2 Updated Oct. 11.25 UT           10   0.94 19.7  0.073
YTBD65D  78 2017 10 10.2   0.6453 +42.2310 21.7 Updated Oct. 10.50 UT            8   0.18 20.4  0.839
YT24A6F  88 2017 10 10.2   1.6471  +4.9859 19.7 Updated Oct. 11.31 UT           14   1.02 27.1  0.012
YT24660  93 2017 10 10.2   0.4535 +10.7093 17.9 Updated Oct. 11.23 UT           34   0.91 24.9  0.116
YT2461E  93 2017 10 10.2   1.1726  -9.3709 18.0 Updated Oct. 11.04 UT           26   0.75 25.8  0.281
YT241F5  88 2017 10 10.2   1.2128 +10.0211 18.5 Updated Oct. 10.94 UT           16   0.66 28.7  0.388
YTBD5C3  91 2017 10 10.2  23.1514 +42.3414 20.2 Updated Oct. 11.21 UT           11   0.97 18.9  0.112
YT23CD4 100 2017 10 10.2  23.4566  +4.2216 18.9 Updated Oct. 11.03 UT           10   0.77 23.3  0.314
N00c13o 100 2017 10 06.2  20.8538 -53.3106 19.4 Added Oct. 10.12 UT              7   0.72 17.4  4.328
YT23AA9  83 2017 10 09.2   1.6792 +33.4323 19.1 Updated Oct. 10.92 UT           34   1.60 24.5  0.417
YT23AA8  90 2017 10 09.2   1.4555 +46.2722 18.4 Updated Oct. 11.13 UT           54   1.83 21.7  0.194
YTBD540  88 2017 10 09.1  16.5836 +54.8474 20.1 Updated Oct. 11.11 UT           24   1.98 20.5  0.214
A104plQ  10 2017 10 07.4  23.6434 -14.5224 18.2 Updated Oct. 11.22 UT           42   3.79 20.6  0.102
A104plI 100 2017 10 07.3  22.7673  -0.4736 21.6 Added Oct. 7.78 UT               4   0.02 27.0  3.954
P10E3Xb 100 2017 10 07.5   5.3717 -24.8923 20.7 Added Oct. 7.71 UT               3   0.03 18.5  3.704
N00c0wn 100 2017 10 04.7   7.5894 +62.2954 20.5 Added Oct. 6.92 UT               5   0.72 22.6  5.802
YTBD536  72 2017 10 03.4   7.7519 +53.7795 21.3 Updated Oct. 9.52 UT             8   6.03 17.2  1.809
N00c0cb  35 2017 09 29.6   8.2972 +28.3639 21.1 Updated Oct. 9.91 UT            21   9.87 20.8  1.820
A104nX1  10 2017 10 02.5   8.4403  -4.2072 18.4 Updated Oct. 10.83 UT           47  11.91 14.0  0.793
P10E3vu  32 2017 10 02.5   3.2053 -19.2384 19.8 Updated Oct. 10.91 UT           14   8.05 17.7  0.734
YTBCE5D  98 2017 10 01.3  23.5408 +41.1175 25.8 Updated Oct. 2.14 UT            11   0.79 29.4  9.178
P10E2ep  59 2017 09 30.5   4.9472  +1.8827 21.3 Updated Oct. 1.67 UT            10  11.92 17.5  9.784
P10E1ZQ  35 2017 09 30.5   3.1395  -3.4518 19.6 Updated Oct. 5.48 UT            40   3.84 17.4  6.923
YSB9E03  35 2017 09 29.1  21.4997  +6.0636 21.6 Updated Oct. 9.21 UT            30  25.71 20.5  2.129
P10DVyZ 100 2017 09 28.4  23.4818  -3.7421 22.8 Updated Sept. 30.33 UT           6   1.88 20.0 10.999
YS1D771  35 2017 09 28.3  23.6677 +11.0345 19.6 Updated Oct. 10.50 UT           92  34.91 18.6  0.998
N00bzsy 100 2017 09 25.4   6.3235 +31.2865 19.5 Added Sept. 28.06 UT             7   0.79 19.4 15.030
P10DRF2 100 2017 09 26.5   0.5445 -34.2792 21.0 Updated Oct. 1.13 UT             6   3.93 22.7 10.829
P10DRGJ  72 2017 09 26.5   5.0589 -23.0759 21.2 Updated Oct. 1.41 UT             7   4.80 19.3  9.910
P10DLg0 100 2017 09 25.5   4.8438 -46.9551 21.0 Updated Sept. 27.63 UT          10   1.76 19.7 14.006
P10DLgC 100 2017 09 25.5   4.2316 -36.8538 19.6 Updated Sept. 26.65 UT           9   0.81 18.6 14.963
P10DIit 100 2017 09 25.3  23.6241  -2.9138 23.3 Updated Sept. 26.64 UT           6   0.83 23.3 15.098
P10DHqS  69 2017 09 25.2  20.9145  +5.2173 22.1 Updated Sept. 26.31 UT           5   0.97 18.2 15.102
P10DHkh 100 2017 09 25.5   3.7901 -49.2636 22.6 Updated Sept. 26.62 UT           6   0.83 23.0 14.941
P10DFyr  98 2017 09 24.4   2.7890 +12.2114 24.3 Updated Sept. 26.65 UT           6   1.10 27.6 15.794
P10DF0z 100 2017 09 24.3  22.6273  +3.4535 22.3 Updated Sept. 27.03 UT          10   2.66 19.5 14.325
P10DEd6 100 2017 09 24.5   5.3089 -49.1769 21.0 Updated Sept. 26.65 UT           7   1.03 18.9 15.705
P10DBiR 100 2017 09 24.2  22.0769 +30.9426 22.9 Updated Sept. 26.65 UT           6   1.11 20.0 15.915
P10DBiT 100 2017 09 24.2  20.6605 +22.8423 21.8 Updated Sept. 26.65 UT           6   1.11 23.6 15.927
P10DAWi 100 2017 09 24.2  21.4884  +6.4993 21.9 Updated Sept. 26.04 UT          10   0.87 23.5 16.201
P10DqVy  10 2017 09 21.5  22.8355 +37.5560 20.6 Updated Oct. 10.44 UT          127  18.90 20.3  0.887
P10DqgO  35 2017 09 21.4  22.9934 +12.7004 22.4 Updated Oct. 10.34 UT           24  18.84 19.0  0.998
P10DqgN  88 2017 09 21.4  23.1398  +6.8430 27.9 Updated Sept. 23.60 UT          15   0.86 29.1 18.982
P10Dm7l  35 2017 09 19.5  22.0573  +4.4925 20.5 Updated Oct. 10.14 UT          188  20.57 18.0  1.186
