YTBD540  98 2017 10 09.1  16.5052 +56.9103 20.2 Updated Oct. 9.25 UT            11   0.13 20.4  0.062
P10E5jd  78 2017 10 08.4   0.8691 +65.3243 20.3 Added Oct. 8.83 UT               4   0.04 20.6  0.843
P10E52M 100 2017 10 08.2  21.9572 -31.0153 20.4 Added Oct. 8.82 UT               3   0.03 18.7  1.005
A104plQ  90 2017 10 07.4  23.6704 -21.1444 18.3 Updated Oct. 9.22 UT            18   1.80 20.7  0.088
A104plI 100 2017 10 07.3  22.6741  -0.9416 20.4 Added Oct. 7.78 UT               4   0.02 27.0  1.948
P10E43i  50 2017 10 07.2  21.0174  +5.0782 20.6 Updated Oct. 8.79 UT             9   1.47 17.7  0.536
P10E3Xh  61 2017 10 07.4   3.4727 +63.7239 20.9 Updated Oct. 8.53 UT             6   0.89 17.2  0.925
P10E3Xj 100 2017 10 07.4   3.5678 +69.5988 21.2 Added Oct. 7.72 UT               3   0.04 18.7  1.776
P10E3Xb 100 2017 10 07.5   5.3584 -24.7340 20.7 Added Oct. 7.71 UT               3   0.03 18.5  1.699
N00c0wn 100 2017 10 04.7   7.5401 +62.2345 20.5 Added Oct. 6.92 UT               5   0.72 22.6  3.796
YTBD537 100 2017 10 03.5   7.7096 +53.8293 21.3 Added Oct. 3.59 UT               3   0.00 18.8  5.788
YTBD502 100 2017 10 03.4   7.4991 +47.7763 21.6 Added Oct. 3.59 UT               4   0.01 18.0  5.848
YTBD536 100 2017 10 03.4   7.6753 +53.3904 21.2 Added Oct. 3.59 UT               4   0.03 17.2  5.806
YTBD4F2 100 2017 10 03.4   7.5621 +50.1351 21.3 Updated Oct. 3.51 UT             7   0.06 16.2  5.804
N00c0cb  35 2017 09 29.6   8.0020 +31.9689 21.0 Updated Oct. 3.60 UT            18   3.82 20.8  5.869
A104nX1  88 2017 10 02.5   8.4121  -4.1843 18.3 Updated Oct. 8.70 UT            22   9.89 13.1  0.816
P10E3vu  69 2017 10 02.5   3.2031 -18.0968 19.5 Updated Oct. 3.60 UT            10   0.99 17.4  5.790
P10E3sI 100 2017 10 02.5   3.7126 -13.8038 21.4 Added Oct. 2.68 UT               3   0.02 21.7  6.762
YTBD3CF  99 2017 10 02.4   6.5089 +42.2771 20.4 Added Oct. 2.55 UT               4   0.02 15.7  6.810
YTBD006   0 2017 10 01.3   0.0447 +35.5647 20.4 Updated Oct. 9.29 UT            27   7.90 17.7  0.027
YTBCE5D  98 2017 10 01.3  23.5354 +41.1409 25.4 Updated Oct. 2.14 UT            11   0.79 29.4  7.173
P10E2ep  59 2017 09 30.5   4.9373  +2.1174 21.3 Updated Oct. 1.67 UT            10  11.92 17.5  7.778
P10E1ZQ  35 2017 09 30.5   3.1393  -2.4103 19.7 Updated Oct. 5.48 UT            40   3.84 17.4  4.918
YSB9E03  10 2017 09 29.1  21.6077  +4.5090 21.4 Updated Oct. 9.21 UT            30  25.71 20.5  0.124
P10DVyZ 100 2017 09 28.4  23.5040  -3.4275 22.7 Updated Sept. 30.33 UT           6   1.88 20.0  8.994
YS1D771  10 2017 09 28.3  23.7040 +13.6436 19.5 Updated Oct. 8.96 UT            89  33.54 18.6  0.359
N00bzsy 100 2017 09 25.4   6.3278 +34.2094 19.6 Added Sept. 28.06 UT             7   0.79 19.4 13.024
P10DRF2 100 2017 09 26.5   0.7395 -34.7978 20.8 Updated Oct. 1.13 UT             6   3.93 22.7  8.824
P10DRGJ  72 2017 09 26.5   5.0076 -22.3861 21.2 Updated Oct. 1.41 UT             7   4.80 19.3  7.905
P10DRGG 100 2017 09 26.5   4.5233 -23.5476 20.5 Updated Oct. 1.49 UT             5   0.90 15.5 11.803
P10DLg0 100 2017 09 25.5   4.7377 -45.6057 21.1 Updated Sept. 27.63 UT          10   1.76 19.7 12.001
P10DLgC 100 2017 09 25.5   4.1764 -36.3190 19.7 Updated Sept. 26.65 UT           9   0.81 18.6 12.957
P10DIit 100 2017 09 25.3  23.5955  -2.6961 23.1 Updated Sept. 26.64 UT           6   0.83 23.3 13.092
P10DHqS  69 2017 09 25.2  20.9076  +5.4065 22.1 Updated Sept. 26.31 UT           5   0.97 18.2 13.096
P10DHkh 100 2017 09 25.5   3.7778 -48.4133 22.5 Updated Sept. 26.62 UT           6   0.83 23.0 12.936
P10DFyr  98 2017 09 24.4   2.7502 +12.0364 24.1 Updated Sept. 26.65 UT           6   1.10 27.6 13.789
P10DF0z 100 2017 09 24.3  22.6380  +3.6178 22.2 Updated Sept. 27.03 UT          10   2.66 19.5 12.320
P10DEd6 100 2017 09 24.5   5.2191 -48.2608 21.0 Updated Sept. 26.65 UT           7   1.03 18.9 13.700
P10DBiR 100 2017 09 24.2  22.1407 +31.2118 22.8 Updated Sept. 26.65 UT           6   1.11 20.0 13.909
P10DBiT 100 2017 09 24.2  20.9659 +24.3064 21.9 Updated Sept. 26.65 UT           6   1.11 23.6 13.922
P10DAWi 100 2017 09 24.2  21.3939  +4.0578 21.9 Updated Sept. 26.04 UT          10   0.87 23.5 14.196
P10DqVy  35 2017 09 21.5  22.9820 +36.3831 20.5 Updated Oct. 7.94 UT           115  16.39 20.3  1.396
P10DqgO  35 2017 09 21.4  23.0434 +12.6171 22.3 Updated Sept. 30.29 UT          21   8.81 19.0  9.030
P10DqgN  88 2017 09 21.4  23.1281  +6.8862 27.6 Updated Sept. 23.60 UT          15   0.86 29.1 16.977
P10Dm7l  10 2017 09 19.5  22.2573  +5.2811 20.4 Updated Oct. 8.85 UT           179  19.28 18.0  0.475
