A104ol5 100 2017 10 04.2  18.4558 +57.4466 17.8 Added Oct. 4.81 UT               4   0.02 15.4  0.999
P10E3Wm 100 2017 10 03.3  23.4442 +39.1499 20.3 Updated Oct. 4.55 UT             7   0.84 18.2  1.076
P10E3Vp  85 2017 10 03.4   0.6078 +34.6144 20.8 Updated Oct. 3.86 UT            14  29.95 18.0  1.833
P10E3TB  62 2017 10 03.4   4.0771 +43.7247 20.2 Updated Oct. 4.57 UT             6   1.00 18.4  0.823
P10E3TD 100 2017 10 03.4   3.8461 +44.3740 20.9 Added Oct. 3.78 UT               3   0.04 18.7  1.782
YTBD537 100 2017 10 03.5   7.5701 +52.7708 21.2 Added Oct. 3.59 UT               3   0.00 18.8  1.790
YTBD502 100 2017 10 03.4   7.3885 +46.8999 21.6 Added Oct. 3.59 UT               4   0.01 18.0  1.850
YTBD536 100 2017 10 03.4   7.5212 +52.7100 21.3 Added Oct. 3.59 UT               4   0.03 17.2  1.808
YTBD4F9  74 2017 10 03.5   7.4352 +44.6906 21.0 Updated Oct. 4.57 UT            11   1.04 18.9  0.826
YTBD539  91 2017 10 03.5   7.5455 +54.8404 20.9 Updated Oct. 3.82 UT            11  80.90 18.0  1.797
YTBD4F2 100 2017 10 03.4   7.4639 +49.7561 21.3 Updated Oct. 3.51 UT             7   0.06 16.2  1.807
YTBD449 100 2017 10 03.3   0.5337 +46.8090 19.7 Updated Oct. 4.20 UT            11   0.87 18.2  1.113
YTBD43F  98 2017 10 03.3   4.6185 +14.3488 19.1 Updated Oct. 3.45 UT            12   0.10 29.4  1.870
YTBD425  85 2017 10 03.2  19.2016 +27.5133 17.9 Updated Oct. 4.78 UT            20   1.53 24.6  0.549
YT2379E 100 2017 10 03.1  17.3078 +59.9083 18.5 Updated Oct. 4.21 UT            24   1.11 21.6  1.106
N00c0cb  35 2017 09 29.6   7.4015 +38.0594 21.0 Updated Oct. 3.60 UT            18   3.82 20.8  1.871
A104nX1 100 2017 10 02.5   8.3546  -4.1341 18.3 Updated Oct. 3.68 UT             7   0.90 13.4  1.810
P10E3vv  47 2017 10 02.5   3.0452 -11.5150 20.2 Updated Oct. 4.58 UT             9   1.89 17.3  0.889
P10E3vu  69 2017 10 02.5   3.1922 -15.8284 19.6 Updated Oct. 3.60 UT            10   0.99 17.4  1.793
P10E3vw  70 2017 10 02.5   3.9609 -11.9076 20.2 Updated Oct. 3.57 UT             9  15.93 18.1  1.798
P10E3sI 100 2017 10 02.5   3.8300 -11.0748 21.3 Added Oct. 2.68 UT               3   0.02 21.7  2.765
YTBD3CF  99 2017 10 02.4   6.4596 +42.2811 20.4 Added Oct. 2.55 UT               4   0.02 15.7  2.812
YTBD29F  90 2017 10 02.4   1.6924 +43.5618 21.1 Updated Oct. 4.58 UT            30   1.94 20.6  0.957
YTBD1CA  65 2017 10 02.3   0.6620 +39.2510 20.3 Updated Oct. 3.81 UT            18   1.13 18.5  1.836
YTBD10F  83 2017 10 02.1   1.7481 +34.0337 19.9 Updated Oct. 4.56 UT            43   2.21 25.3  0.984
A104mH8  89 2017 10 01.4   2.8401 -15.9681 21.3 Added Oct. 2.10 UT               4   0.02 26.9  3.799
P10E3sH  93 2017 10 01.6   4.7907 -10.6452 21.8 Updated Oct. 4.83 UT            21  10.95 22.9  1.832
P10E3sG  75 2017 10 01.5   2.2067 -14.3766 20.1 Updated Oct. 1.92 UT            15  65.98 19.5  3.763
P10E3mH  72 2017 10 01.5   2.2593 -15.2058 20.7 Updated Oct. 3.59 UT            11  19.80 18.6  1.932
P10E3mI  59 2017 10 01.5   2.1117  -8.9602 20.7 Updated Oct. 4.83 UT            12  19.70 18.9  2.006
P10E2Q2  78 2017 10 01.4   2.5081 -21.6234 20.4 Updated Oct. 4.32 UT            15   2.83 26.6  1.007
YTBD0F8  65 2017 10 01.4   0.0891 +33.6528 21.0 Updated Oct. 4.83 UT            19   1.98 18.1  1.842
YTBD03B  68 2017 10 01.4   0.6042 +32.9954 20.8 Updated Oct. 3.87 UT            21  29.75 18.0  2.035
YTBD006  77 2017 10 01.3   0.2001 +35.1041 20.4 Updated Oct. 3.80 UT            20   2.10 17.7  1.835
YTBCFFF  95 2017 10 01.3  23.9898 +33.7625 21.7 Updated Oct. 4.18 UT            28   2.77 23.9  1.139
YTBCFF4  62 2017 10 01.3   0.0322 +33.5530 20.8 Updated Oct. 3.81 UT            22   2.06 18.2  1.842
YTBCFEA  75 2017 10 01.3  23.9923 +35.8123 21.1 Updated Oct. 2.13 UT            12   0.72 18.9  3.186
YTBCFE9  51 2017 10 01.3  23.9775 +36.5641 20.8 Updated Oct. 3.81 UT            23   2.01 18.1  1.893
YTBCFDF 100 2017 10 01.3  23.5064 +38.4084 20.3 Updated Oct. 4.55 UT            40   2.85 20.9  1.079
YTBCFAA  93 2017 10 01.3   0.8441 +20.7771 20.3 Updated Oct. 3.59 UT            22   1.97 24.5  1.966
YTBCFA6  75 2017 10 01.3   0.3458 +32.5879 20.7 Updated Oct. 2.15 UT            12   0.77 17.9  3.165
YTBCF8D  74 2017 10 01.3  23.9449 +30.7317 21.0 Updated Oct. 4.18 UT            11   2.81 18.7  1.132
YT228FF  83 2017 10 01.4   4.7734  +8.0464 20.1 Updated Oct. 4.57 UT            17   2.95 25.2  0.940
YT228DA  10 2017 10 01.3   3.7818 +30.1306 19.9 Updated Oct. 4.57 UT            27   3.02 19.5  0.901
YTBCEFF  53 2017 10 01.3   3.4946 +35.0606 20.9 Updated Oct. 4.57 UT            14   3.03 17.9  0.898
YTBCE98  73 2017 10 01.3  23.5001 +30.7579 21.2 Updated Oct. 2.96 UT            10   6.77 18.6  3.201
YTBCE96  61 2017 10 01.3  23.5098 +31.8493 21.1 Updated Oct. 2.96 UT            19   3.77 18.7  3.056
YTBCE5D  98 2017 10 01.3  23.5323 +40.8628 24.0 Updated Oct. 2.14 UT            11   0.79 29.4  3.175
YT22524 100 2017 10 01.2   1.5979 +25.7517 18.3 Added Oct. 1.32 UT               3   0.01 20.1  4.002
P10E2ep  59 2017 09 30.5   4.9114  +2.5821 21.4 Updated Oct. 1.67 UT            10  11.92 17.5  3.781
P10E2aT 100 2017 09 30.5   4.9636  +2.2694 21.7 Added Sept. 30.88 UT             4   0.03 19.7  4.681
P10E1ZQ  10 2017 09 30.5   3.1328  -0.3989 19.8 Updated Oct. 4.49 UT            33   3.84 17.4  0.920
P10E1RN 100 2017 09 30.5   3.0732  +6.7602 21.3 Added Sept. 30.86 UT             3   0.02 22.0  4.732
P10E0No  98 2017 09 30.3   0.5332 -44.5658 21.3 Added Sept. 30.83 UT             4   0.02 19.5  4.894
P10E0vw  78 2017 09 30.3  23.2949 +48.2214 22.0 Updated Oct. 3.19 UT            15   2.85 26.3  2.167
P10E0vf 100 2017 09 30.5   3.1559  +1.9481 21.8 Updated Oct. 3.08 UT            15   1.05 20.1  3.718
YS21DA8  35 2017 09 30.4   6.9624 +48.7778 18.3 Updated Oct. 3.45 UT            44   3.02 13.5  1.874
YSBCB7F   5 2017 09 30.4   1.9835  +4.4822 19.5 Updated Oct. 4.57 UT            51   3.93 25.4  0.930
YSBCB48  60 2017 09 30.4   1.2130 +28.6125 20.1 Updated Oct. 2.25 UT            20   1.80 18.3  3.068
YSBCB19  80 2017 09 30.4   1.0354 -27.3729 21.3 Updated Oct. 2.39 UT            31   1.74 28.0  3.099
YSBCA2F  15 2017 09 30.4   1.9211 +20.9760 19.7 Updated Oct. 4.58 UT            34   3.89 26.0  1.008
YSBC9D8 100 2017 09 30.4   0.5449 +28.4597 21.2 Added Sept. 30.45 UT             4   0.01 21.1  4.877
YSBC8F4  48 2017 09 30.3  23.9722 +29.1870 21.1 Updated Oct. 2.57 UT            20  12.81 18.7  2.865
YSBC874 100 2017 09 30.3  23.7164 +25.8540 21.5 Updated Sept. 30.47 UT           7   0.08 20.6  4.848
YSB9E03  35 2017 09 29.1  21.8561  +1.0988 21.2 Updated Oct. 2.17 UT            27  18.69 20.5  3.145
X52327  100 2017 09 28.7   4.9378  -2.9997 20.7 Updated Sept. 29.25 UT           3   0.04 18.8  6.496
X51955  100 2017 09 28.5   0.8776 +23.7160 20.7 Added Sept. 29.13 UT             3   0.03 20.8  6.685
P10DWms 100 2017 09 28.4  10.7842 +22.0066 27.6 Added Sept. 28.86 UT             3   0.04 28.2  6.847
P10DVyZ 100 2017 09 28.4  23.5546  -2.7385 22.5 Updated Sept. 30.33 UT           6   1.88 20.0  4.996
P10DVyP 100 2017 09 28.4  23.1299  -9.7876 22.9 Added Sept. 28.81 UT             3   0.04 25.3  6.849
YSB934E 100 2017 09 28.4   1.3712  -4.6683 21.5 Added Sept. 28.50 UT             4   0.03 20.4  6.823
YSB7F01 100 2017 09 28.3   5.1365 -19.7612 22.3 Updated Sept. 28.45 UT           7   0.03 27.4  6.875
YSB7852  98 2017 09 28.3   2.3845  -1.9547 22.3 Updated Sept. 28.46 UT          11   0.07 27.4  6.866
YSB731F 100 2017 09 28.3   0.7013 +13.2756 21.4 Added Sept. 28.40 UT             4   0.02 25.6  6.923
YS1D771  35 2017 09 28.3  23.7837 +18.7925 19.5 Updated Oct. 2.88 UT            80  27.45 18.6  2.451
YSB5EC9  98 2017 09 28.2  23.5709  +5.0653 21.8 Updated Sept. 28.43 UT           8   0.11 26.2  6.897
N00bzsy 100 2017 09 25.4   6.3229 +39.2812 19.9 Added Sept. 28.06 UT             7   0.79 19.4  9.027
P10DRF2 100 2017 09 26.5   1.2490 -35.5248 20.4 Updated Oct. 1.13 UT             6   3.93 22.7  4.826
P10DRI3  35 2017 09 26.5   3.7739 -27.2079 19.3 Updated Oct. 3.59 UT            23   6.95 14.8  1.807
P10DRGJ  72 2017 09 26.5   4.8979 -20.9811 21.3 Updated Oct. 1.41 UT             7   4.80 19.3  3.908
P10DRGG 100 2017 09 26.5   4.5442 -23.0118 20.5 Updated Oct. 1.49 UT             5   0.90 15.5  7.806
YSB07C5  10 2017 09 26.4   5.3846  +8.8829 19.9 Updated Oct. 4.46 UT            41   7.96 10.7  0.877
P10DLg0 100 2017 09 25.5   4.5308 -42.8196 21.1 Updated Sept. 27.63 UT          10   1.76 19.7  8.003
P10DLgC 100 2017 09 25.5   4.0653 -35.2305 19.8 Updated Sept. 26.65 UT           9   0.81 18.6  8.960
P10DKQk  49 2017 09 25.2  22.7896 +28.7290 22.1 Updated Oct. 4.90 UT            20   8.00 19.6  2.020
P10DJUm  65 2017 09 25.3  23.8442 +31.7549 21.3 Updated Oct. 3.20 UT            15   7.85 18.5  2.121
P10DJUl 100 2017 09 25.3  23.9741 +26.2292 21.7 Updated Oct. 3.27 UT            13   7.92 21.1  2.047
P10DIit 100 2017 09 25.3  23.5380  -2.1550 22.8 Updated Sept. 26.64 UT           6   0.83 23.3  9.095
P10DHqS  69 2017 09 25.2  20.9001  +5.8036 22.0 Updated Sept. 26.31 UT           5   0.97 18.2  9.099
P10DHkh 100 2017 09 25.5   3.7344 -46.3142 22.3 Updated Sept. 26.62 UT           6   0.83 23.0  8.938
P10DHk9 100 2017 09 25.3  22.3960 +25.5293 21.9 Updated Oct. 3.24 UT            14   7.87 22.2  2.096
YSAE230  50 2017 09 25.4   7.1628 +60.0271 20.7 Updated Oct. 4.57 UT            22   9.08 16.2  0.807
P10DFyv 100 2017 09 24.4   1.2967  +0.9142 21.4 Updated Oct. 2.23 UT             9   7.79 21.8  3.098
P10DFyr  98 2017 09 24.4   2.6273 +11.5054 23.6 Updated Sept. 26.65 UT           6   1.10 27.6  9.792
P10DF0z 100 2017 09 24.3  22.6673  +3.9769 22.0 Updated Sept. 27.03 UT          10   2.66 19.5  8.322
P10DEd6 100 2017 09 24.5   5.0403 -46.3734 21.0 Updated Sept. 26.65 UT           7   1.03 18.9  9.702
P10DBiR 100 2017 09 24.2  22.2876 +31.7177 22.6 Updated Sept. 26.65 UT           6   1.11 20.0  9.912
P10DBiT 100 2017 09 24.2  21.4811 +26.2964 22.0 Updated Sept. 26.65 UT           6   1.11 23.6  9.925
P10DAWi 100 2017 09 24.2  21.2158  -1.0020 21.8 Updated Sept. 26.04 UT          10   0.87 23.5 10.199
P10DqVy  35 2017 09 21.5  23.3013 +33.5215 20.2 Updated Oct. 3.21 UT           107  11.68 20.3  2.109
P10DqgO  35 2017 09 21.4  23.1508 +12.4260 22.2 Updated Sept. 30.29 UT          21   8.81 19.0  5.033
P10DqgN  88 2017 09 21.4  23.1088  +7.0072 26.9 Updated Sept. 23.60 UT          15   0.86 29.1 12.980
P10Dm7l  35 2017 09 19.5  22.7123  +6.9857 20.0 Updated Sept. 30.90 UT         188  11.22 18.0  4.530
