N00bk8h 100 2017 06 27.6   2.1452 -40.1753 18.4 Added June 29.77 UT              8   0.59 19.4  1.674
YMA165B  98 2017 06 29.4  22.4599 -12.5827 19.9 Added June 29.49 UT              4   0.01 17.5  0.427
YMA165A 100 2017 06 29.4  22.4007 -12.4683 20.6 Added June 29.48 UT              4   0.01 21.0  0.427
YMA157C 100 2017 06 29.4  22.4205  -9.9613 20.3 Updated June 29.50 UT            8   0.02 20.6  0.418
YMA1474 100 2017 06 29.4  22.1907  -0.1380 20.5 Updated June 29.48 UT            8   0.05 18.8  0.423
YMA12DE  76 2017 06 29.3  18.2377 +36.9739 21.1 Updated June 29.43 UT            7   0.09 20.1  0.474
YMA121E  55 2017 06 29.2  17.1896  -2.1925 19.6 Updated June 29.33 UT            8   0.06 15.6  0.566
YMA1149 100 2017 06 29.2  15.7860 +30.4400 20.0 Updated June 29.37 UT           11   0.13 22.3  0.531
YMA1148 100 2017 06 29.2  15.7947 +34.7797 20.9 Updated June 29.36 UT            7   0.11 19.9  0.552
YMA1128  98 2017 06 29.1  16.1590  +4.9085 20.0 Updated June 29.44 UT           10   0.15 26.1  0.547
A102O95 100 2017 06 28.4  19.0225 +22.6700 17.5 Updated June 28.95 UT            4   0.01 28.7  1.455
YMA105F 100 2017 06 28.4  21.8278 -13.4064 20.0 Added June 28.49 UT              3   0.00 18.6  1.419
YMA0E3D 100 2017 06 28.3  18.0484  -5.2284 20.1 Added June 28.49 UT              4   0.01 20.4  1.492
YMA0ABC  83 2017 06 28.2  14.9110  -6.0007 19.5 Updated June 29.57 UT           19   1.30 22.5  0.344
MN01Ach 100 2017 06 28.0   0.0365 +14.6588 19.0 Added June 28.04 UT              3   0.02 18.0  1.860
A102O8V  80 2017 06 27.4  18.8246  +0.4118 18.7 Updated June 29.88 UT           24   2.38 20.2  0.011
YMA0A7F  98 2017 06 27.4  23.1946 -12.6393 20.0 Updated June 29.47 UT           12   2.00 19.8  0.427
YM124A2  80 2017 06 27.4  23.1219 -12.0871 19.7 Updated June 29.46 UT           26   2.03 17.8  0.428
YMA06E2  85 2017 06 27.4  22.4807  -6.9406 20.6 Updated June 29.45 UT           22   2.03 24.1  0.437
YMA04D0  83 2017 06 27.3  21.6131  +8.0086 19.6 Updated June 29.47 UT           35   2.09 22.4  0.427
YMA04BA 100 2017 06 27.3  17.6933 +17.3784 21.3 Updated June 28.26 UT            9   0.90 18.3  1.645
YMA03A1  85 2017 06 27.2  15.7284 +20.2949 21.1 Updated June 29.20 UT           21   1.95 22.3  0.692
YMA038C  85 2017 06 27.2  15.2516  +4.1806 19.2 Updated June 29.19 UT           36   1.95 23.2  0.708
YMA0305  83 2017 06 27.2  15.6069 -10.3886 20.8 Updated June 29.19 UT           26   1.96 25.5  0.701
P10BKNt  93 2017 06 26.2  15.2140 -23.6746 20.9 Updated June 29.18 UT           14   2.88 21.6  0.714
P10BKyP  90 2017 06 26.2  15.3433 -29.6302 20.4 Updated June 29.18 UT           13   2.88 22.4  0.713
YMA00ED  90 2017 06 26.4  21.9019  +4.2833 20.9 Updated June 29.32 UT           21   2.90 20.9  0.570
YM9FDCB  10 2017 06 26.3  17.6806 +32.1754 21.0 Updated June 29.87 UT           31  33.88 21.6  0.518
YM9FDC9  88 2017 06 26.3  17.0812 +26.4038 20.4 Updated June 29.38 UT           27   3.02 21.2  0.514
YM9FC56   5 2017 06 26.2  16.9445  +3.7390 20.5 Updated June 29.38 UT           27   3.09 22.2  0.508
P10BJSm 100 2017 06 25.5  22.6913  +6.8159 21.1 Added June 25.76 UT              3   0.01 18.5  4.280
P10BJSl 100 2017 06 25.6  22.9648 +13.7824 21.1 Updated June 25.79 UT            3   0.02 21.8  4.275
P10BIIV 100 2017 06 25.4  19.2791 -38.5268 21.3 Added June 25.74 UT              3   0.03 19.8  4.403
P10BIIU  95 2017 06 25.4  19.5372 -35.6214 21.0 Updated June 28.45 UT            7   1.06 19.0  3.370
P10BIIT 100 2017 06 25.4  19.6471 -34.1652 20.1 Updated June 28.40 UT            6   1.06 22.0  3.373
P10BIke 100 2017 06 25.3  15.0661 -36.1293 20.4 Added June 25.71 UT              3   0.02 18.5  4.553
P10BIfs 100 2017 06 25.4  19.5154 -31.6441 21.5 Updated June 28.81 UT            9   1.06 22.0  3.367
P10BHZ0  97 2017 06 24.5  22.8952 -21.4236 21.0 Updated June 28.18 UT            7   1.01 19.2  4.311
P10BHZ1 100 2017 06 24.5  22.9786 -31.2955 20.7 Added June 24.97 UT              4   0.03 19.0  5.296
P10BHXk  99 2017 06 24.3  16.8379 -11.8688 21.0 Updated June 29.29 UT           14   4.86 20.4  0.636
P10BHeU 100 2017 06 24.5  21.0510 -18.1751 20.9 Updated June 28.11 UT            6   1.04 20.9  4.317
P10BHeQ 100 2017 06 24.5  20.6021 -28.2011 20.8 Updated June 29.48 UT            9   4.91 22.7  0.453
P10BHeT 100 2017 06 24.5  20.2353 -11.7621 21.4 Updated June 28.35 UT            9   3.83 22.4  1.545
P10BHeO 100 2017 06 24.5  20.9426 -27.7652 19.8 Updated June 28.42 UT           14   3.90 21.5  1.477
P10BGqu  86 2017 06 24.4  19.4303 -44.8450 20.7 Updated June 25.58 UT            8   1.09 18.5  4.317
P10BFQO 100 2017 06 24.4  19.9358 -42.8253 21.6 Updated June 25.59 UT            7   1.10 25.7  4.305
P10BFQN 100 2017 06 24.4  20.2399 -41.0745 20.1 Updated June 29.81 UT            9   1.12 23.2  4.291
P10BFQK 100 2017 06 23.3  17.0016  -0.0617 21.2 Updated June 23.91 UT            7   1.99 21.4  6.482
P10BFEd 100 2017 06 23.4  19.4721 -30.3850 21.5 Updated June 25.64 UT            7   2.17 21.9  4.251
P10BFC5 100 2017 06 23.4  19.3199 -20.6716 20.0 Updated June 28.33 UT           10   4.86 20.6  1.565
P10BFdV 100 2017 06 23.5  22.9743 -37.9067 19.8 Updated June 25.38 UT            6   1.05 21.6  5.276
P10BFe7 100 2017 06 23.5  22.0554 -32.0102 20.3 Updated June 25.72 UT            7   2.14 18.1  4.181
P10BF6v  73 2017 06 23.5  22.1388 +10.7621 20.6 Updated June 25.67 UT            6   1.85 18.5  4.526
P10BF6l  76 2017 06 23.5  22.1819  +9.9226 20.8 Updated June 27.45 UT            9   3.91 18.6  2.450
P10BF6j 100 2017 06 23.5  21.7352  +9.0011 22.1 Updated June 26.60 UT            7   2.86 18.9  3.514
P10BF6k  62 2017 06 23.5  21.9668 +14.9199 21.5 Updated June 29.49 UT            9   5.94 19.2  0.428
P10BESo  73 2017 06 23.4  17.3862  -1.8363 21.8 Updated June 23.81 UT            7   2.01 19.8  6.439
P10BESp  70 2017 06 23.4  17.5511  -9.1307 21.3 Updated June 24.46 UT            5   0.95 19.2  5.504
P10BEua  45 2017 06 23.3  16.8654  -7.0205 21.2 Updated June 29.28 UT            9   5.90 18.5  0.623
P10BEt9  72 2017 06 23.3  16.7686  -9.4506 21.7 Updated June 29.28 UT           19   5.88 22.9  0.644
P10BEt1 100 2017 06 23.3  17.2411  -7.2004 21.7 Added June 23.56 UT              3   0.03 24.4  6.503
OG14001  10 2017 06 23.0  18.4638  -6.6985 18.8 Updated June 29.44 UT           45   6.25 10.3  0.567
P10BDXM 100 2017 06 22.5  21.9843 -34.0950 21.0 Updated June 23.46 UT            7   0.89 19.5  6.437
P10BDXK 100 2017 06 22.5  22.4893 -29.8293 21.6 Updated June 25.15 UT            7   1.06 22.0  6.265
P10BDDW  35 2017 06 22.3  12.9321 +47.2297 21.8 Updated June 28.50 UT           23   5.87 14.2  1.701
P10BCn4 100 2017 06 20.5  21.1262 -48.2694 20.8 Updated June 25.70 UT            9   5.13 20.4  4.193
