YS1D210 100 2017 09 26.2  19.3226 +47.7093 14.7 Added Sept. 26.31 UT             3   0.02 26.1  0.052
YSAE58F  87 2017 09 26.2  22.5114 +14.2047 21.1 Added Sept. 26.29 UT             4   0.02 18.8  0.073
YSAE4BA 100 2017 09 26.2  22.8327 +10.1915 19.9 Added Sept. 26.28 UT             4   0.04 17.2  0.051
YSAE432  78 2017 09 26.2  22.4791 +15.1074 21.4 Updated Sept. 26.30 UT           8   0.03 18.8  0.060
YSAE32B 100 2017 09 26.1  22.0907 +10.0310 19.8 Updated Sept. 26.29 UT           8   0.05 22.7  0.067
YSAE2B5 100 2017 09 26.1  21.6408 +11.1252 19.8 Added Sept. 26.25 UT             4   0.08 18.9  0.057
A104ayM  50 2017 09 25.5   1.8516 -31.5688 19.2 Updated Sept. 26.27 UT           7  49.97 17.6  0.778
A104ayI 100 2017 09 25.5   4.1737 -14.6392 19.6 Added Sept. 26.20 UT             4   0.02 18.7  0.689
A1049wX  74 2017 09 25.4  23.5954 +16.8782 19.3 Added Sept. 26.15 UT             4   0.04 20.4  0.852
P10DLDc 100 2017 09 25.4   0.7707  -0.2469 20.2 Added Sept. 25.99 UT             4   0.04 21.8  0.836
P10DLDM  77 2017 09 25.4   1.0453  -0.6935 22.0 Added Sept. 25.99 UT             3   0.03 21.4  0.835
P10DLDi  77 2017 09 25.4   0.0317  -0.6511 21.8 Added Sept. 25.99 UT             3   0.03 20.1  0.844
P10DKQs 100 2017 09 25.5   4.0285 -25.5379 20.4 Added Sept. 25.98 UT             4   0.04 18.4  0.705
P10DLg0 100 2017 09 25.5   4.0864 -36.2390 21.1 Added Sept. 25.98 UT             3   0.02 19.3  0.744
P10DLgC 100 2017 09 25.5   3.8100 -32.7289 20.2 Added Sept. 25.97 UT             4   0.03 18.7  0.743
P10DKQe  97 2017 09 25.2  22.5404 +30.2651 21.5 Added Sept. 25.97 UT             4   0.04 18.6  0.984
P10DKQt  84 2017 09 25.5   4.3852 -26.3855 20.5 Added Sept. 25.96 UT             4   0.04 17.5  0.703
P10DKQk 100 2017 09 25.2  22.9151 +30.8230 22.0 Added Sept. 25.96 UT             3   0.03 19.7  0.983
P10DKQu  79 2017 09 25.5   4.5606 -27.4212 20.3 Added Sept. 25.96 UT             4   0.04 17.5  0.699
P10DKQv  76 2017 09 25.5   4.6056 -23.5907 21.8 Added Sept. 25.94 UT             3   0.04 18.5  0.699
P10DKQd 100 2017 09 25.2  22.8822 +26.0368 22.2 Added Sept. 25.93 UT             3   0.03 20.5  0.993
P10DKO5  77 2017 09 25.2  22.5100 +24.8758 22.4 Updated Sept. 26.04 UT          13  24.94 20.0  0.999
P10DJZI  85 2017 09 25.4   1.4959  -3.8229 22.1 Added Sept. 25.92 UT             3   0.03 20.4  0.802
P10DJZ8  80 2017 09 25.4   1.9199  +0.2583 21.4 Added Sept. 25.91 UT             4   0.04 18.4  0.784
P10DJUt  91 2017 09 25.4   0.8850  -0.6188 21.9 Added Sept. 25.91 UT             3   0.04 22.4  0.795
P10DJZJ  86 2017 09 25.4   1.0752  -0.1078 21.6 Added Sept. 25.91 UT             3   0.03 19.6  0.807
P10DJUu  91 2017 09 25.4   1.0495  -1.3205 22.1 Updated Sept. 25.99 UT           6   0.05 22.4  0.808
P10DJZH  84 2017 09 25.4   1.3437  -8.2540 21.4 Added Sept. 25.90 UT             4   0.04 19.0  0.790
P10DJUp  81 2017 09 25.3  23.8286 +29.9131 21.5 Added Sept. 25.89 UT             3   0.03 19.0  0.936
P10DJUj  89 2017 09 25.3  23.2357 +26.9781 21.2 Added Sept. 25.89 UT             4   0.03 18.9  0.939
P10DJUn  87 2017 09 25.3  23.5059 +33.5238 21.8 Added Sept. 25.88 UT             4   0.03 19.6  0.937
P10DJSv 100 2017 09 25.3  23.1973 +31.5902 22.2 Added Sept. 25.88 UT             3   0.03 22.7  0.942
P10DJUq  77 2017 09 25.3   0.0284 +32.8641 21.9 Added Sept. 25.87 UT             3   0.03 20.3  0.935
P10DJSu 100 2017 09 25.3  23.9505 +27.7204 22.2 Added Sept. 25.87 UT             4   0.03 20.0  0.933
P10DJUo  85 2017 09 25.3  23.7689 +26.4414 21.7 Added Sept. 25.87 UT             3   0.02 19.5  0.944
P10DJUs 100 2017 09 25.4   1.1666  -4.7039 22.0 Added Sept. 25.86 UT             3   0.03 24.3  0.807
P10DJUh 100 2017 09 25.3  23.5161 +29.1606 21.3 Added Sept. 25.86 UT             3   0.03 19.5  0.937
P10DJUm  90 2017 09 25.3   0.0167 +32.9875 21.5 Added Sept. 25.86 UT             4   0.03 19.2  0.935
P10DJTK  75 2017 09 25.3  23.2849 +33.7278 21.0 Added Sept. 25.85 UT             4   0.03 18.7  0.941
P10DJUk  92 2017 09 25.3  23.1492 +29.1538 22.1 Added Sept. 25.85 UT             4   0.03 20.0  0.942
P10DJUl  88 2017 09 25.3   0.0267 +26.4116 21.9 Added Sept. 25.84 UT             3   0.03 21.4  0.933
P10DJSt 100 2017 09 25.4   1.7760 -10.0322 21.1 Added Sept. 25.84 UT             3   0.04 22.8  0.787
P10DIit  95 2017 09 25.3  23.4006  -0.3376 22.1 Added Sept. 25.83 UT             3   0.03 22.7  0.896
P10DIiv  80 2017 09 25.3  23.6268  -6.5189 22.0 Added Sept. 25.82 UT             4   0.03 20.0  0.890
P10DHvK 100 2017 09 25.3  23.0156  +0.9654 21.2 Added Sept. 25.81 UT             3   0.02 23.9  0.908
P10DHqS  44 2017 09 25.2  20.9156  +6.7734 21.8 Added Sept. 25.80 UT             3   0.97 18.6  0.101
P10DHqR  57 2017 09 25.2  20.5615  +4.6017 21.1 Updated Sept. 26.24 UT           7   0.89 19.6  0.189
P10DHod 100 2017 09 25.2  20.3004  +1.7069 21.6 Added Sept. 25.79 UT             3   0.02 19.3  1.044
P10DHoe 100 2017 09 25.2  20.3589  +2.1637 21.8 Added Sept. 25.79 UT             3   0.02 21.4  1.044
P10DHkr 100 2017 09 25.4   1.5307  -6.2279 22.0 Added Sept. 25.78 UT             4   0.04 19.9  0.788
P10DHkq 100 2017 09 25.4   1.0353 -10.0590 20.7 Added Sept. 25.78 UT             4   0.04 23.6  0.792
P10DHkm 100 2017 09 25.4   0.3061  -5.6048 21.4 Added Sept. 25.77 UT             3   0.03 27.7  0.843
P10DHkj 100 2017 09 25.4   0.4069  -1.5702 21.7 Added Sept. 25.76 UT             4   0.04 21.6  0.839
P10DHko 100 2017 09 25.4   0.7027  -7.9972 21.3 Added Sept. 25.76 UT             3   0.04 22.8  0.837
P10DHki 100 2017 09 25.4   0.1836  -5.3624 21.5 Updated Sept. 25.82 UT           7   0.04 24.9  0.842
P10DHkl 100 2017 09 25.4   1.1786  +1.2475 20.5 Added Sept. 25.75 UT             4   0.04 26.0  0.835
P10DHkh 100 2017 09 25.5   3.5257 -38.9211 21.7 Added Sept. 25.74 UT             3   0.02 19.8  0.749
P10DHkg 100 2017 09 25.5   3.4593 -33.6479 21.1 Added Sept. 25.74 UT             4   0.03 21.6  0.747
P10DHkd 100 2017 09 25.2  22.5462 +28.7763 21.5 Added Sept. 25.73 UT             4   0.04 19.2  0.984
P10DHk9 100 2017 09 25.3  23.2248 +26.1580 21.2 Added Sept. 25.73 UT             3   0.03 21.6  0.939
P10DHkc 100 2017 09 25.3  23.8359 +24.3489 20.3 Added Sept. 25.73 UT             3   0.03 20.5  0.933
P10DHkb 100 2017 09 25.3  23.8595 +31.8146 21.3 Updated Sept. 25.74 UT           6   0.03 20.9  0.935
P10DHk5 100 2017 09 25.3  23.6427  -3.1321 20.2 Added Sept. 25.71 UT             3   0.02 24.3  0.894
P10DHk7 100 2017 09 25.3  23.5244 +33.3877 21.6 Added Sept. 25.71 UT             4   0.03 22.0  0.937
P10DHk3 100 2017 09 25.3  23.9295  -2.6966 22.1 Added Sept. 25.71 UT             4   0.03 23.6  0.894
P10DHk6 100 2017 09 25.3  23.7713 +29.5611 21.2 Added Sept. 25.71 UT             4   0.03 21.2  0.935
P10DHk2 100 2017 09 25.2  20.5694  +7.5609 21.5 Updated Sept. 26.26 UT           6   0.93 24.5  0.141
YS1CF5F  66 2017 09 25.3   2.5244 -12.8786 19.8 Added Sept. 25.54 UT             3   0.01 26.8  0.984
YSAE241  90 2017 09 25.4   7.1595 +51.1495 20.8 Added Sept. 25.50 UT             4   0.00 18.9  0.817
YSAE23A 100 2017 09 25.4   7.9068 +54.3804 20.6 Updated Sept. 25.58 UT           8   0.05 18.8  0.811
YSAE230 100 2017 09 25.4   6.7300 +58.4183 20.7 Updated Sept. 25.53 UT           8   0.08 18.9  0.813
YSAE22E  96 2017 09 25.4   7.2532 +50.7719 21.1 Updated Sept. 25.51 UT           8   0.07 18.9  0.817
YS1D1A8 100 2017 09 25.4   4.2573  -0.9482 19.5 Updated Sept. 25.46 UT           4   0.03 23.3  0.871
YSAE210  45 2017 09 25.3   6.0991 +58.5540 20.4 Updated Sept. 25.50 UT           7   0.09 17.2  0.827
YS1D19F 100 2017 09 25.3   3.5824 -24.9491 19.2 Updated Sept. 26.20 UT          12   0.21 18.7  0.721
YSAE20E  53 2017 09 25.3   5.7148 +57.1276 21.1 Updated Sept. 26.19 UT          10   0.68 17.7  0.248
YSAE1F6  50 2017 09 25.3   5.3370 +58.8046 20.5 Updated Sept. 26.05 UT          12   0.73 16.6  0.277
YS1BE33 100 2017 09 25.2  23.7838  +2.8792 17.3 Updated Sept. 26.02 UT          18   0.17 26.8  0.898
P10DHjZ 100 2017 09 24.3  22.7233  -0.9083 21.9 Updated Sept. 25.13 UT           3   0.03 25.5  1.950
P10DGIG  81 2017 09 24.5   4.4811 +14.0503 22.0 Updated Sept. 25.65 UT           6   0.87 19.7  0.900
P10DGz1 100 2017 09 24.4   3.0520 +14.0262 21.7 Updated Sept. 25.63 UT           9   0.94 22.2  0.906
P10DGzR  41 2017 09 24.4   3.4519 +10.1294 19.2 Updated Sept. 26.01 UT          13   2.43 16.7  0.400
P10DFyw  36 2017 09 24.4   1.9704  +3.2339 20.9 Updated Sept. 26.12 UT          14   7.48 18.4  0.291
P10DFyv 100 2017 09 24.4   1.2741  +2.6503 21.5 Added Sept. 24.95 UT             3   0.04 21.2  1.856
P10DFyu 100 2017 09 24.4   1.9163  +1.2068 21.7 Added Sept. 24.95 UT             4   0.04 21.7  1.850
P10DFyr 100 2017 09 24.4   1.8265  +7.9562 21.4 Added Sept. 24.94 UT             3   0.04 27.0  1.858
P10DF0z 100 2017 09 24.3  22.7720  +4.9209 21.4 Added Sept. 24.94 UT             4   0.04 19.3  1.947
P10DF3x  79 2017 09 24.3  22.7550  -0.6241 22.5 Added Sept. 24.94 UT             3   0.03 22.1  1.956
P10DF0w 100 2017 09 24.3  22.1336  +1.4039 22.0 Added Sept. 24.93 UT             3   0.04 20.1  1.952
P10DF0y 100 2017 09 24.3  22.7082  +4.7175 22.1 Added Sept. 24.93 UT             3   0.03 21.9  1.958
P10DF0t 100 2017 09 24.3  22.6805  +5.8596 22.1 Updated Sept. 25.61 UT           6   0.88 22.4  1.108
P10DF0v 100 2017 09 24.3  22.3294  +6.8744 22.0 Added Sept. 24.91 UT             3   0.04 20.8  1.953
P10DEit  80 2017 09 24.3  23.9315  +4.9776 20.6 Updated Sept. 25.57 UT          10   1.04 20.9  0.897
P10DEiQ 100 2017 09 24.3  23.7503  +4.1034 21.4 Added Sept. 24.90 UT             4   0.03 21.8  1.901
P10DEiR  70 2017 09 24.3  23.0384  +4.9349 21.8 Updated Sept. 25.16 UT           6   0.76 20.0  1.170
P10DEeC 100 2017 09 24.2  22.5542 +27.9923 20.8 Updated Sept. 25.97 UT          12   1.05 20.9  0.985
P10DEeA  53 2017 09 24.2  22.7426 +29.6234 20.7 Updated Sept. 26.03 UT          13   1.73 19.5  0.299
P10DEeG  72 2017 09 24.2  22.7360 +28.8535 21.6 Updated Sept. 25.94 UT          11   1.04 19.3  0.994
P10DEez  50 2017 09 24.2  22.5807 +27.7923 19.6 Updated Sept. 26.01 UT          18   1.60 17.1  0.418
P10DEey 100 2017 09 24.2  22.3581 +24.2878 21.8 Added Sept. 24.88 UT             4   0.03 19.2  2.003
P10DEdb 100 2017 09 24.2  22.4156 +31.6136 22.2 Added Sept. 24.87 UT             3   0.02 23.6  2.002
P10DEda 100 2017 09 24.6   5.5913 -24.7215 21.7 Added Sept. 24.76 UT             3   0.02 20.2  1.681
P10DEd6 100 2017 09 24.5   4.6405 -41.8863 21.1 Added Sept. 24.75 UT             4   0.02 18.9  1.711
P10DEd5 100 2017 09 24.5   4.3414 -44.4547 20.2 Added Sept. 24.75 UT             3   0.02 18.8  1.715
P10DEd9 100 2017 09 24.6   5.4233 -26.7345 21.1 Updated Sept. 25.58 UT           7   0.90 20.1  0.800
P10DC82 100 2017 09 24.3  22.0868  +1.1573 20.8 Updated Sept. 25.78 UT          12   0.84 20.1  1.152
P10DCcT 100 2017 09 24.4   1.0734  -0.2074 21.7 Updated Sept. 25.62 UT          10   0.91 21.8  0.988
P10DBNu 100 2017 09 24.3  23.0971  +2.6626 22.1 Updated Sept. 25.61 UT           6   0.87 23.9  1.075
P10DBnJ 100 2017 09 24.3  23.5347  +2.2015 22.1 Updated Sept. 25.62 UT          10   0.90 25.5  1.044
P10DBiR 100 2017 09 24.2  22.7222 +32.5363 22.2 Added Sept. 24.71 UT             3   0.02 19.9  1.999
P10DBiT 100 2017 09 24.2  22.3165 +28.0326 22.6 Added Sept. 24.71 UT             3   0.03 21.1  2.002
P10DBiS 100 2017 09 24.2  22.6970 +34.9919 21.4 Updated Sept. 25.18 UT           6   0.82 25.1  1.203
YSADD0E 100 2017 09 24.3   2.7946 +22.2011 22.2 Added Sept. 24.66 UT             3   0.01 19.9  1.901
YSAC4D0  86 2017 09 24.2  22.5089 +16.7185 21.1 Updated Sept. 26.19 UT          23  24.78 19.9  0.177
YSADC8F  78 2017 09 24.3   2.8841 +27.3973 20.7 Updated Sept. 25.57 UT          14   1.87 23.2  0.053
YSADBDB  79 2017 09 24.4   3.4759 +16.9951 20.0 Updated Sept. 26.03 UT          14   1.57 19.6  0.308
YSADB82  97 2017 09 24.3   3.0307 +17.8174 20.4 Updated Sept. 26.03 UT          14   1.59 20.6  0.322
YSADB44  24 2017 09 24.3   2.2228 +24.6822 20.7 Updated Sept. 26.02 UT          15   1.63 19.7  0.330
YSAD74B  90 2017 09 24.3   2.5795 +18.8009 21.0 Updated Sept. 25.82 UT          16   1.04 21.6  0.921
YSAD617  85 2017 09 24.3   2.1535 +18.0729 19.5 Updated Sept. 26.02 UT          28   1.62 22.8  0.340
YSAD618 100 2017 09 24.3   2.3859 +19.3570 20.1 Added Sept. 24.44 UT             4   0.02 18.7  1.942
YSAD441  80 2017 09 24.3   2.2676  +6.7748 19.7 Updated Sept. 26.29 UT          13   1.90 25.5  0.054
YSAD3C0  83 2017 09 24.3   2.8085 +16.3159 20.2 Updated Sept. 25.57 UT          12   1.03 25.9  0.956
YS1A55C  10 2017 09 24.3   0.7909 +21.5103 19.9 Updated Sept. 26.29 UT          23   4.69 19.1  0.084
YSACE5A   5 2017 09 24.3   1.9897 +21.0810 19.7 Updated Sept. 26.24 UT          26   4.66 25.2  0.130
P10DAWi 100 2017 09 24.2  20.8725 -12.7596 21.7 Updated Sept. 26.04 UT          10   0.87 23.5  1.201
YSACE08  80 2017 09 24.2   1.9863 +24.4333 21.2 Updated Sept. 25.67 UT          16   1.06 26.5  0.951
YSAC6A1  85 2017 09 24.2  23.2985 +18.2892 21.0 Updated Sept. 26.26 UT          19   1.94 25.5  0.133
YSACB83  77 2017 09 24.3   1.9565 +14.1037 21.4 Updated Sept. 26.17 UT          12   1.93 23.1  0.056
YSAC831  80 2017 09 24.2   0.2104 +20.7519 21.5 Updated Sept. 26.28 UT          18   1.95 26.7  0.094
YSAC710  85 2017 09 24.2   0.3813 +15.8310 20.1 Updated Sept. 26.29 UT          32   1.96 25.9  0.088
YS19972   5 2017 09 24.2  22.6871 +17.2677 19.6 Updated Sept. 26.19 UT          27   4.66 23.4  0.172
YSAC6EA  78 2017 09 24.2  23.8548 +13.7810 20.3 Updated Sept. 26.26 UT          22   1.97 26.6  0.106
YSAC5D7  82 2017 09 24.2  23.0871 +14.2378 21.5 Updated Sept. 26.26 UT          24   1.96 23.9  0.114
YSAC69F  41 2017 09 24.2  22.8931 +20.4804 21.4 Updated Sept. 26.23 UT          18   6.67 19.2  0.154
YSAC648  74 2017 09 24.2  22.7711 +19.2960 21.6 Updated Sept. 26.23 UT           9   1.92 18.8  0.154
YSAC49D  82 2017 09 24.1  22.0497 +16.8900 21.5 Updated Sept. 26.19 UT          21   3.89 23.8  0.168
YSAC4AF  51 2017 09 24.1  22.2327 +16.8577 21.1 Updated Sept. 25.36 UT          27   1.16 18.5  0.965
YSAC489  55 2017 09 24.1  21.9218 +18.3702 20.9 Updated Sept. 26.26 UT          21   6.79 18.0  0.130
YS1969E  88 2017 09 24.1  16.6748 +34.4329 19.0 Updated Sept. 26.24 UT          40   1.98 18.5  0.211
P10CRIH 100 2017 09 23.9   1.5376  +2.6037 17.7 Added Sept. 24.04 UT             2   0.02 17.1  2.333
P10DyXQ  76 2017 09 23.3  23.4869 -17.8386 21.7 Updated Sept. 26.26 UT          15  11.74 22.8  0.158
P10DyXP 100 2017 09 23.3  23.3059 -28.0164 21.1 Updated Sept. 23.95 UT           4   0.03 23.7  2.883
P10DANx 100 2017 09 23.2  22.2748 +39.9922 22.4 Added Sept. 23.85 UT             3   0.03 22.0  2.976
P10DzMA  78 2017 09 23.3  22.8510 -18.0984 21.8 Updated Sept. 26.23 UT           9   2.72 20.0  0.238
P10DzMy  95 2017 09 23.3  22.6306 -24.1212 21.4 Updated Sept. 26.20 UT          10   2.70 20.2  0.254
P10DzMz  96 2017 09 23.3  21.9806 -22.1007 21.6 Updated Sept. 26.23 UT          11  96.48 20.8  0.272
P10DyYL  45 2017 09 23.3  23.6519 -13.1464 21.3 Updated Sept. 26.26 UT          10   2.77 20.5  0.154
P10DyYJ  52 2017 09 23.3  23.3716 -12.3027 22.1 Updated Sept. 26.23 UT           9   2.73 19.7  0.189
P10DyXE  95 2017 09 23.4   2.7903  +9.9818 21.3 Updated Sept. 26.07 UT          10   2.61 17.3  0.256
P10DyXG 100 2017 09 23.4   2.1912  +7.5451 21.8 Added Sept. 23.80 UT             3   0.03 21.1  2.843
P10DyXH  47 2017 09 23.4   2.6902 +10.7914 20.3 Updated Sept. 25.78 UT          12   1.98 19.4  0.894
P10DyXD 100 2017 09 23.4   2.9993 +12.1334 21.8 Updated Sept. 24.66 UT          10   0.96 22.5  1.897
P10DyXw  58 2017 09 23.4   3.0690 +10.9199 21.5 Updated Sept. 26.15 UT          15   2.53 16.6  0.296
P10DyXv  79 2017 09 23.4   3.3021 +15.2036 21.9 Updated Sept. 25.58 UT           6   2.00 20.2  0.823
P10DyXn 100 2017 09 23.5   4.2281 -28.9592 20.2 Updated Sept. 25.80 UT           7   2.05 24.1  0.701
P10DyXo 100 2017 09 23.5   4.6800 -33.0834 21.5 Added Sept. 23.78 UT             3   0.03 19.2  2.723
A1047eS 100 2017 09 23.3  20.6900 +17.6897 21.5 Added Sept. 23.74 UT             4   0.02 26.7  2.929
P10DwLN  76 2017 09 23.3  22.7147 +32.4453 21.8 Updated Sept. 25.94 UT          15   2.01 19.2  0.997
P10DwLA  90 2017 09 23.2  17.8151 +73.3508 21.2 Updated Sept. 26.24 UT          19   2.88 13.7  0.184
P10DwxW 100 2017 09 22.5   5.1190  +9.9888 21.7 Updated Sept. 25.78 UT          17   2.49 19.9  1.292
P10Dw1r  69 2017 09 22.5   3.9545 -20.0193 21.2 Updated Sept. 23.90 UT          12   0.82 19.2  2.904
P10Dufm  76 2017 09 22.4   0.5542  -1.1084 21.2 Updated Sept. 26.12 UT          20   3.56 24.8  0.319
P10DqVD  76 2017 09 21.5   0.3219 +15.3993 21.2 Updated Sept. 22.47 UT           6   0.73 19.3  4.056
P10DqWy  67 2017 09 21.5   0.3352 +18.0619 21.4 Updated Sept. 22.28 UT           6   0.73 19.5  4.063
P10DqWx  71 2017 09 21.5   0.4950 +16.9689 21.0 Updated Sept. 22.56 UT           9   0.92 19.7  3.871
P10DqVy  10 2017 09 21.5   0.1050 +24.1772 19.8 Updated Sept. 25.60 UT          69   4.00 20.4  0.795
P10DqgO  83 2017 09 21.4  23.4259 +11.8376 21.9 Updated Sept. 24.41 UT          15   2.76 18.9  2.080
P10DqgN  88 2017 09 21.4  23.0884  +7.7567 24.5 Updated Sept. 23.60 UT          15   0.86 29.1  3.982
P10Dm7l  10 2017 09 19.5  23.9766 +10.9322 19.4 Updated Sept. 26.05 UT         122   5.86 18.0  0.898
P10Dkud  93 2017 09 17.5   3.5383 -11.5845 21.7 Updated Sept. 25.96 UT          15   5.79 21.0  2.937
P10Dkpr 100 2017 09 17.5   2.8458 -39.4595 21.2 Added Sept. 17.93 UT             3   0.03 22.1  8.707
P10Dkps 100 2017 09 17.5   1.7197 -29.5325 21.0 Added Sept. 17.92 UT             3   0.04 21.8  8.745
P10Dixg 100 2017 09 17.4   3.9706 +30.0612 21.1 Added Sept. 17.85 UT             3   0.04 24.9  8.791
P10Dixf  10 2017 09 17.4   1.0396 +10.2227 20.5 Updated Sept. 25.68 UT          42   8.15 18.2  0.676
A103XCz 100 2017 09 16.4   0.7013  +6.5460 23.7 Added Sept. 16.76 UT             3   0.01 28.1  9.847
P10Dbi1 100 2017 09 15.4   0.6192  +5.2649 21.0 Added Sept. 15.89 UT             3   0.04 21.5 10.816
P10D9cO 100 2017 09 15.4  23.4097 -18.7026 22.3 Added Sept. 15.84 UT             4   0.03 23.1 10.872
P10D9cP 100 2017 09 15.4  23.4124 -19.2256 22.6 Added Sept. 15.83 UT             3   0.02 23.6 10.884
P10D9cN  97 2017 09 15.4  23.6954  -6.6904 22.1 Updated Sept. 26.11 UT          11  10.01 22.5  0.890
P10D8G3 100 2017 09 15.4   1.1110 -42.9354 22.0 Updated Sept. 21.92 UT           4   0.03 24.0 10.866
P10D7DK 100 2017 09 15.3  21.9990 -28.9636 22.3 Updated Sept. 17.64 UT           6   0.96 20.7  9.983
P10D7DD 100 2017 09 15.4  22.9373 -31.1353 21.8 Added Sept. 15.71 UT             3   0.02 21.4 10.868
A103TBy  95 2017 09 14.3   9.1726 -58.7904 21.7 Updated Sept. 18.60 UT          58   1.72 22.8 10.239
P10D5rr  98 2017 09 14.4  10.3618  +7.5388 99.9 Updated Sept. 15.86 UT           6   0.89 29.6 11.011
A103Qpl 100 2017 09 14.3  19.3471 -37.0064 23.0 Added Sept. 14.79 UT             2   0.01 22.5 11.927
P10D2do 100 2017 09 14.4  23.9842  +0.8276 21.9 Added Sept. 14.78 UT             3   0.02 24.2 11.868
P10D2dp  98 2017 09 14.4   1.8032 +11.9500 21.7 Updated Sept. 17.98 UT           6   0.98 27.4 10.921
P10D2dm  98 2017 09 14.4  23.1592  +0.5154 24.2 Updated Sept. 17.99 UT           6   0.96 26.4 10.937
YR1619D  72 2017 09 14.4   2.6527 +11.1925 23.7 Added Sept. 14.46 UT             4   0.02 28.0 11.888
X51913   99 2017 09 12.7   0.7913 +16.3504 22.9 Added Sept. 13.08 UT             3   0.03 26.5 13.535
X51916  100 2017 09 12.7   1.0377 +16.4823 18.9 Updated Sept. 14.05 UT           6   1.20 21.3 12.355
P10CX5g 100 2017 09 08.4  23.2312 -36.0843 22.0 Updated Sept. 12.13 UT           8   3.33 20.9 14.567
P10CWyD 100 2017 09 05.6   3.4812 -34.2697 20.5 Updated Sept. 7.70 UT            7   1.44 18.2 19.263
YRA9FF1 100 2017 09 01.4  22.8605 -61.7929 22.6 Updated Sept. 3.62 UT           11   1.03 23.6 23.878
YRA8DB7  88 2017 09 01.3  14.3542 -24.4941 29.6 Updated Sept. 2.52 UT           17   0.83 27.8 24.093
P10CTll 100 2017 08 31.4   0.8070  +1.3420 20.0 Updated Sept. 1.45 UT            6   0.98 21.4 24.867
P10CRlH  98 2017 08 31.5   1.5433  +2.8309 19.2 Updated Sept. 1.38 UT            7   0.81 19.6 24.939
