DR0190   78 2017 10 14.2   2.2089 +17.8227 20.9 Added Oct. 14.28 UT              3   0.02 20.6  0.045
YT80381 100 2017 10 14.2  23.7590 +15.5397 20.9 Added Oct. 14.28 UT              4   0.02 25.0  0.045
YT802CA 100 2017 10 14.2  23.6088 +15.8967 21.4 Added Oct. 14.27 UT              4   0.02 26.2  0.047
YT802C4 100 2017 10 14.2  23.5906 +17.5347 21.4 Added Oct. 14.27 UT              4   0.02 25.1  0.047
YT2C168 100 2017 10 14.2   0.6992 -24.3851 19.1 Added Oct. 14.27 UT              3   0.01 21.3  0.056
YT80191  87 2017 10 14.2  23.0350 +17.6616 20.3 Added Oct. 14.26 UT              4   0.02 18.0  0.078
YT80190 100 2017 10 14.2  23.0361 +15.4657 20.7 Added Oct. 14.25 UT              3   0.02 26.6  0.084
YT800DE 100 2017 10 14.1   0.3174 +23.8668 19.4 Added Oct. 14.25 UT              4   0.03 26.4  0.134
YT8009B 100 2017 10 14.1  22.7754 +18.8007 21.7 Added Oct. 14.23 UT              4   0.02 26.9  0.109
YTBFF48 100 2017 10 14.1  22.5094 +14.1875 21.2 Updated Oct. 14.24 UT           11   0.06 25.1  0.104
YTBFF21  80 2017 10 14.1   0.6894 +32.2251 20.8 Added Oct. 14.19 UT              4   0.01 18.9  0.145
MN03AF1  95 2017 10 13.7  21.4505 +45.2183 19.1 Added Oct. 14.03 UT              3   0.02 18.4  0.489
YT298A6  77 2017 10 13.2   1.2076 +14.1474 18.2 Added Oct. 13.54 UT              4   0.01 31.6  1.002
YTBFA5F  39 2017 10 13.4   2.3333 +20.6002 20.4 Updated Oct. 14.30 UT            8   0.82 20.0  0.025
YTBEAE1  75 2017 10 13.3   0.2935 +21.8435 20.8 Added Oct. 13.54 UT              4   0.03 21.1  0.957
YTBFADE  98 2017 10 13.4   2.7912 +21.9829 20.7 Updated Oct. 14.29 UT           12   0.78 25.7  0.057
YTBF329  85 2017 10 13.4   1.6209 +22.8980 19.8 Updated Oct. 14.03 UT           14   0.59 18.9  0.298
YT2B876  88 2017 10 13.4   3.0554 +13.6905 18.4 Updated Oct. 14.09 UT           34   0.88 25.1  0.012
YTBEE09  87 2017 10 13.3   0.6456 +22.2394 19.5 Updated Oct. 14.29 UT           22   0.80 19.6  0.139
YTBEDAD 100 2017 10 13.3   1.7183 +32.2064 21.2 Added Oct. 13.41 UT              4   0.00 23.1  0.949
YT2B00A  95 2017 10 13.3   2.6438  -0.0678 18.1 Updated Oct. 14.16 UT           56   0.74 24.5  0.193
YTBEC9F  81 2017 10 13.3   0.4644 +25.2665 20.6 Updated Oct. 14.29 UT            8   0.83 19.1  0.146
YTBEC75  75 2017 10 13.3   0.3068 +25.2034 19.3 Updated Oct. 13.97 UT            8   0.62 18.5  0.359
YT2A965  95 2017 10 13.3   2.0629 +11.0286 18.7 Updated Oct. 14.06 UT           49   0.68 24.4  0.282
YT2A23D 100 2017 10 13.3   2.0499  +6.8316 19.1 Updated Oct. 14.06 UT           20   0.70 17.8  0.275
YTBEA92 100 2017 10 13.2  23.8600 +21.1357 20.5 Updated Oct. 14.08 UT           11   0.78 25.7  0.238
YTBEA52 100 2017 10 13.2   0.0128 +19.6651 21.4 Updated Oct. 14.06 UT           10   0.75 25.1  0.273
YT29333  93 2017 10 13.2   0.6141  +8.2922 18.9 Updated Oct. 14.00 UT           41   0.69 23.3  0.325
YTBE8BC  98 2017 10 13.2  23.6789 +25.6477 21.5 Updated Oct. 14.24 UT           11   0.97 27.4  0.098
YTBE888 100 2017 10 13.2   0.8092 +30.7341 21.7 Updated Oct. 13.36 UT            7   0.09 21.7  0.958
YTBE87B 100 2017 10 13.2   0.6311 +41.5408 22.0 Added Oct. 13.29 UT              4   0.02 19.4  1.037
YTBE74F  80 2017 10 13.1  22.8023 +20.7340 20.4 Updated Oct. 14.30 UT           21   1.06 23.1  0.052
YTBE6EF  45 2017 10 13.1  21.8202 +25.9755 20.5 Updated Oct. 14.14 UT           12   0.95 15.8  0.186
A104uyW  90 2017 10 12.2  20.2126  -2.8352 18.6 Updated Oct. 13.89 UT           56   1.59 19.1  0.437
P10Ebfu  42 2017 10 12.2  20.3707 -13.7564 21.5 Updated Oct. 14.18 UT           12   1.92 19.0  0.167
P10Ebfw  62 2017 10 12.2  20.6411  -9.4730 21.2 Updated Oct. 14.24 UT           17   1.93 19.2  0.161
P10Eb1W  90 2017 10 12.2  20.9755 -20.6785 20.0 Updated Oct. 14.17 UT           22   1.93 21.7  0.157
YTBE46D 100 2017 10 12.4   1.8938 +26.4476 19.5 Added Oct. 12.55 UT              4   0.00 21.9  1.809
YTBE686 100 2017 10 12.4   2.0622 +34.0051 20.8 Updated Oct. 13.56 UT           14   0.89 21.1  0.944
YTBE547  80 2017 10 12.4   2.3139 +36.7405 20.8 Updated Oct. 14.29 UT           24   1.79 26.5  0.050
YTBE333 100 2017 10 12.4   0.4393 +30.1300 20.6 Added Oct. 12.45 UT              4   0.85 17.9  1.042
YTBE316 100 2017 10 12.3   1.0627 +34.1500 20.7 Updated Oct. 13.56 UT           19   0.91 24.8  1.015
YTBE1FE 100 2017 10 12.3   0.8405 +32.7134 21.4 Updated Oct. 13.56 UT           13   0.91 24.1  1.011
YTBE2E4  88 2017 10 12.3   1.1117 +30.5077 21.4 Updated Oct. 13.33 UT           23   0.93 27.1  0.987
YTBE2E2  35 2017 10 12.3   0.6590 +31.6977 20.8 Updated Oct. 14.19 UT           19   1.77 19.0  0.145
YTBE2E1  71 2017 10 12.3   0.7359 +31.4747 21.2 Updated Oct. 13.30 UT           12   0.89 19.0  1.031
YTBE139  79 2017 10 12.3   0.3711 +29.9613 21.7 Updated Oct. 13.28 UT           12   0.89 20.2  1.046
I130963 100 2017 10 12.2   2.6102 +16.4987 20.5 Added Oct. 12.39 UT              3   0.01 18.9  2.019
YTBDFE4  40 2017 10 12.3  23.8616 +27.5748 20.9 Updated Oct. 14.24 UT           17   1.92 19.5  0.091
YTBDFCC 100 2017 10 12.3   0.1080 +31.6718 21.5 Updated Oct. 13.28 UT           15   0.95 25.9  1.056
YTBDF9C  85 2017 10 12.3  23.7214 +32.6613 20.2 Updated Oct. 13.87 UT           31   1.54 24.9  0.469
YTBDF2A  90 2017 10 12.2  23.3110 +27.7299 21.5 Updated Oct. 13.24 UT           16   0.95 26.3  1.085
S090487  89 2017 10 12.0   2.1627 -46.5232 18.7 Updated Oct. 13.51 UT           24   1.25 19.5  0.989
P10Eat6 100 2017 10 11.4   2.7301  -2.4620 19.9 Updated Oct. 13.29 UT           10   1.80 17.4  1.044
P10EasQ  53 2017 10 11.4   2.5650  -5.5902 19.7 Updated Oct. 13.64 UT           23  74.73 18.9  0.996
P10E9Xa  90 2017 10 11.4   1.0113  -0.3460 21.5 Updated Oct. 13.43 UT            9   2.00 24.9  0.902
P10E9Tb  59 2017 10 11.3  23.8765 -13.1761 19.8 Updated Oct. 14.26 UT           19   2.83 20.9  0.100
P10E8VK  85 2017 10 11.4   1.1178  +5.5673 21.0 Updated Oct. 14.24 UT           15   2.81 25.3  0.096
P10E9Nw 100 2017 10 11.4   3.7803 -14.2434 19.7 Added Oct. 11.75 UT              3   0.04 25.2  2.805
P10E8VJ 100 2017 10 11.4   1.4006  +2.2331 21.3 Added Oct. 11.75 UT              3   0.04 20.5  2.862
A104rNj  80 2017 10 11.4   1.9090 +22.6624 19.5 Updated Oct. 13.91 UT           49   2.47 26.3  0.422
YTBDCE4  66 2017 10 11.3   3.3985 +34.7933 22.2 Updated Oct. 12.43 UT            7   1.05 18.2  1.896
YTBD8BF  25 2017 10 11.2  23.9932 +36.4939 21.1 Updated Oct. 14.27 UT           17  12.83 19.6  0.073
YTBDE49  81 2017 10 11.4   9.5618 +40.9480 21.1 Updated Oct. 13.62 UT           13   2.02 18.6  0.793
I130588 100 2017 10 11.1  23.1544  -3.7396 20.4 Added Oct. 11.45 UT              3   0.01 20.4  3.156
YT27CE1  78 2017 10 11.3   2.0014  -7.2458 20.5 Updated Oct. 13.55 UT           20   2.00 27.2  0.935
YTBDAE8  78 2017 10 11.3   2.5511 +35.3577 21.9 Updated Oct. 14.30 UT           29   2.93 27.7  0.053
YTBDAA2  80 2017 10 11.3   3.0249 +20.4394 20.0 Updated Oct. 14.31 UT           39   2.97 25.3  0.013
YTBD9B7  85 2017 10 11.2   2.0384 +33.2203 20.5 Updated Oct. 14.04 UT           25   2.73 24.5  0.285
YTBD99E  71 2017 10 11.2   0.7499 +38.7191 20.1 Updated Oct. 13.29 UT           10   1.99 18.7  1.040
YTBD8E4  46 2017 10 11.2  23.6846 +34.6360 21.3 Updated Oct. 14.13 UT           11   2.88 18.6  0.195
P10E7Iu  53 2017 10 10.5   3.4817 -16.1983 19.9 Updated Oct. 13.38 UT           17   2.78 10.5  0.993
P10E7EH  60 2017 10 10.4   1.3761 -11.6359 20.8 Updated Oct. 13.28 UT           13   2.73 20.4  1.087
P10E7Br 100 2017 10 10.4   1.3972 -10.0234 20.1 Updated Oct. 13.28 UT           18   2.72 21.7  1.091
P10E7Bq 100 2017 10 10.4   7.2072 -30.6539 20.2 Added Oct. 10.89 UT              3   0.02 26.4  3.793
P10E7cH  35 2017 10 10.4   0.4015  -6.9123 21.3 Updated Oct. 14.26 UT           12   3.79 19.9  0.080
P10E75U  59 2017 10 10.2  19.9512  -8.4980 21.1 Updated Oct. 14.17 UT           16   3.86 15.3  0.171
P10E766 100 2017 10 10.2  20.7145  -5.9490 21.7 Updated Oct. 13.17 UT            6   2.85 18.7  1.156
P10E75V  10 2017 10 10.2  20.9332  -4.3454 21.4 Updated Oct. 14.25 UT           22   3.89 20.5  0.129
P10E6Vq 100 2017 10 10.5   2.6299 -13.0470 20.1 Added Oct. 10.75 UT              4   0.03 24.4  3.779
P10E64s 100 2017 10 10.4   1.1128  -2.4836 21.1 Updated Oct. 13.43 UT           10   2.95 25.7  0.924
P10E5je  98 2017 10 10.2  20.9035  -2.7925 21.9 Updated Oct. 14.24 UT           13   3.87 22.0  0.147
YTBD7C4  90 2017 10 10.4   8.5091 +44.2826 20.3 Updated Oct. 13.61 UT           23   3.03 20.4  0.801
YTBD6E8  73 2017 10 10.3   1.8084 +44.7193 20.8 Updated Oct. 11.54 UT           12   0.98 18.2  2.992
YT23EBD  35 2017 10 10.2  23.6932  +8.6496 20.1 Updated Oct. 13.64 UT           27  40.84 18.5  1.084
YTBD66C  91 2017 10 10.2   0.8815 +43.8941 20.8 Updated Oct. 11.47 UT           14   1.17 18.3  2.849
YTBD668 100 2017 10 10.2   0.6009 +44.1270 21.2 Updated Oct. 11.25 UT           10   0.94 19.7  3.074
YTBD65D  58 2017 10 10.2   0.5940 +42.4650 21.3 Updated Oct. 13.55 UT           16   3.11 21.1  0.908
N00c13o  35 2017 10 06.2  20.7747 -52.7784 21.8 Updated Oct. 13.72 UT           18   6.83 20.5  1.222
P10E3Xb  61 2017 10 07.5   5.3849 -25.1274 20.7 Updated Oct. 13.45 UT            9   5.85 17.5  0.881
A104nX1  10 2017 10 02.5   8.4818  -4.2391 18.2 Updated Oct. 13.49 UT           67  14.85 13.2  0.859
P10E2ep  22 2017 09 30.5   4.9581  +1.5294 21.2 Updated Oct. 13.48 UT           13  23.87 17.5  0.841
P10E1ZQ  35 2017 09 30.5   3.1359  -5.0320 19.5 Updated Oct. 12.44 UT           48  12.78 17.3  0.990
P10Dm7l  35 2017 09 19.5  21.7915  +3.4117 20.7 Updated Oct. 13.15 UT          197  23.58 18.0  1.175
