YTBD10F 100 2017 10 02.1   0.2422 +37.2574 20.0 Updated Oct. 2.21 UT            15   0.07 25.1  0.120
A104mH8  89 2017 10 01.4   2.7906 -16.0826 19.6 Added Oct. 2.10 UT               4   0.02 26.9  0.796
P10E3sH 100 2017 10 01.6   4.6962  -5.3154 21.7 Updated Oct. 1.97 UT             4   0.02 22.0  0.676
P10E3sG  50 2017 10 01.5   2.2219 -14.5365 20.2 Updated Oct. 1.92 UT            15  65.98 19.5  0.760
P10E3mH  45 2017 10 01.5   2.3310 -15.3525 20.8 Updated Oct. 1.79 UT             8  17.97 18.6  0.760
P10E3mI  64 2017 10 01.5   2.2026  -9.6945 20.6 Updated Oct. 2.27 UT             7   0.74 18.6  0.052
P10E2Q2 100 2017 10 01.4   1.9264 -24.7735 20.3 Updated Oct. 1.98 UT             4   0.03 24.4  0.802
YTBD0F8  60 2017 10 01.4   0.1509 +33.9447 21.1 Updated Oct. 2.14 UT            12   0.64 18.8  0.173
YTBD03B  61 2017 10 01.4   0.6593 +33.4436 20.5 Updated Oct. 2.16 UT            12   0.72 17.7  0.155
YTBD006  74 2017 10 01.3   0.3203 +34.6482 20.4 Updated Oct. 2.15 UT            11   0.76 18.6  0.173
YTBCFFF  98 2017 10 01.3   0.1716 +34.1949 21.4 Updated Oct. 2.29 UT            11   0.88 23.8  0.028
YTBCFF4  87 2017 10 01.3   0.0864 +34.1011 20.8 Updated Oct. 1.52 UT             8   0.10 18.2  0.800
YTBCFEA  50 2017 10 01.3   0.0463 +36.3719 21.1 Updated Oct. 2.13 UT            12   0.72 18.9  0.183
YTBCFE9  46 2017 10 01.3   0.0333 +37.0373 20.5 Updated Oct. 2.14 UT            12   0.73 17.9  0.178
YTBCFDF  98 2017 10 01.3   0.0591 +37.6430 20.6 Updated Oct. 2.22 UT            19   0.83 20.8  0.104
YTBCFAA 100 2017 10 01.3   0.4918 +29.9359 20.9 Updated Oct. 2.18 UT            12   0.80 24.7  0.129
YTBCFA6  50 2017 10 01.3   0.4127 +32.7181 20.7 Updated Oct. 2.15 UT            12   0.77 17.9  0.162
YTBCF8D  79 2017 10 01.3  23.9916 +31.4978 20.9 Added Oct. 1.46 UT               4   0.04 18.7  0.890
YT228FF 100 2017 10 01.4   4.5867 +20.5492 19.3 Updated Oct. 1.49 UT             6   0.06 25.0  0.830
YT228DA  97 2017 10 01.3   3.7319 +29.3549 19.6 Updated Oct. 2.16 UT            11   0.75 19.3  0.164
YTBCEFF  83 2017 10 01.3   3.5424 +33.8290 20.9 Updated Oct. 1.50 UT             8   0.10 18.4  0.822
YTBCEBE 100 2017 10 01.3   3.8041 +36.0826 20.5 Updated Oct. 1.56 UT            12   0.14 21.0  0.792
YTBCE98  76 2017 10 01.3  23.5449 +31.5011 21.7 Updated Oct. 2.13 UT             8   0.76 20.1  0.198
YTBCE96  56 2017 10 01.3  23.5585 +32.6035 21.0 Updated Oct. 2.13 UT            12   0.76 18.4  0.199
YTBCE84  89 2017 10 01.3  23.5805 +33.9251 21.0 Updated Oct. 1.46 UT             8   0.10 19.1  0.863
YTBCE5D  98 2017 10 01.3  23.5501 +39.2640 21.8 Updated Oct. 2.14 UT            11   0.79 29.4  0.173
YT22524 100 2017 10 01.2   1.5039 +23.5897 18.5 Added Oct. 1.32 UT               3   0.01 20.1  1.000
P10E2ep  34 2017 09 30.5   4.8868  +2.9258 21.4 Updated Oct. 1.67 UT            10  11.92 17.5  0.778
P10E2aT 100 2017 09 30.5   4.8582  +4.0967 21.8 Added Sept. 30.88 UT             4   0.03 19.7  1.678
P10E1ZQ  45 2017 09 30.5   3.1225  +1.0465 19.9 Updated Oct. 1.65 UT            21   1.05 17.1  0.714
P10E1RN 100 2017 09 30.5   3.1448  +3.2030 21.4 Added Sept. 30.86 UT             3   0.02 22.0  1.729
P10E0No  98 2017 09 30.3   0.5681 -43.9248 21.2 Added Sept. 30.83 UT             4   0.02 19.5  1.891
P10E0vw  98 2017 09 30.3  23.0432 +42.6386 21.2 Updated Oct. 1.18 UT             6   0.86 26.4  1.147
P10E0vf 100 2017 09 30.5   3.1986  +2.5281 21.7 Updated Oct. 1.60 UT            11   0.79 19.8  0.973
YS21DA8  60 2017 09 30.4   7.0008 +47.7633 18.3 Updated Oct. 1.97 UT            30   1.10 12.4  0.793
YSBCB7F  80 2017 09 30.4   1.7487 +17.8465 19.5 Updated Oct. 2.26 UT            32   1.80 25.3  0.057
YSBCB48  25 2017 09 30.4   1.2641 +27.9179 20.2 Updated Oct. 2.25 UT            20   1.80 18.3  0.065
YSBCB19  78 2017 09 30.4   0.9056  -6.8975 19.3 Updated Oct. 2.22 UT            28   1.74 28.0  0.096
YSBCA2F  78 2017 09 30.4   1.1210 +26.5210 20.4 Updated Oct. 2.26 UT            18   1.82 26.0  0.072
YSBC9D8 100 2017 09 30.4   0.6061 +27.7190 21.4 Added Sept. 30.45 UT             4   0.01 21.1  1.874
YSBC8F4  70 2017 09 30.3   0.0519 +29.1998 21.0 Updated Oct. 1.68 UT            14  11.49 18.7  1.185
YSBC874 100 2017 09 30.3  23.8168 +25.8405 21.5 Updated Sept. 30.47 UT           7   0.08 20.6  1.846
YSB9E03  10 2017 09 29.1  22.0729  -1.7299 21.0 Updated Oct. 2.17 UT            27  18.69 20.5  0.142
X52327  100 2017 09 28.7   4.9330  -3.7398 20.8 Updated Sept. 29.25 UT           3   0.04 18.8  3.493
X51955  100 2017 09 28.5   0.8860 +23.2652 20.9 Added Sept. 29.13 UT             3   0.03 20.8  3.682
P10DWms 100 2017 09 28.4  10.4317 +31.6611 24.8 Added Sept. 28.86 UT             3   0.04 28.2  3.844
P10DVyZ 100 2017 09 28.4  23.5980  -2.1683 22.4 Updated Sept. 30.33 UT           6   1.88 20.0  1.994
P10DVyP 100 2017 09 28.4  23.1365  -7.6406 22.3 Added Sept. 28.81 UT             3   0.04 25.3  3.846
YSB934E 100 2017 09 28.4   1.4093  -2.8399 21.5 Added Sept. 28.50 UT             4   0.03 20.4  3.820
YSB7F01 100 2017 09 28.3   2.9713 -12.0703 21.1 Updated Sept. 28.45 UT           7   0.03 27.4  3.872
YSB7852  98 2017 09 28.3   1.6123  -1.0085 21.6 Updated Sept. 28.46 UT          11   0.07 27.4  3.864
YSB731F 100 2017 09 28.3   0.5618  +6.2712 20.9 Added Sept. 28.40 UT             4   0.02 25.6  3.920
YS1D771  10 2017 09 28.3  23.8492 +22.5329 19.6 Updated Oct. 2.21 UT            74  26.77 18.6  0.127
YSB5EC9  98 2017 09 28.2  23.5987  +4.6726 21.1 Updated Sept. 28.43 UT           8   0.11 26.2  3.895
N00bzsy 100 2017 09 25.4   6.3084 +42.5296 20.0 Added Sept. 28.06 UT             7   0.79 19.4  6.024
YSB2A52 100 2017 09 27.3   2.9462  -1.5512 22.3 Updated Sept. 27.49 UT           8   0.07 27.1  4.902
P10DRF2 100 2017 09 26.5   1.7697 -35.5231 20.2 Updated Oct. 1.13 UT             6   3.93 22.7  1.824
P10DRI3  58 2017 09 26.5   3.8026 -27.1514 19.3 Updated Sept. 28.49 UT          15   1.93 14.7  3.822
P10DRGJ  47 2017 09 26.5   4.8096 -19.9063 21.3 Updated Oct. 1.41 UT             7   4.80 19.3  0.905
P10DRGG 100 2017 09 26.5   4.5549 -22.6036 20.6 Updated Oct. 1.49 UT             5   0.90 15.5  4.803
P10DQZ1 100 2017 09 26.4   2.3202  +4.4837 21.8 Added Sept. 26.82 UT             3   0.04 23.0  5.769
P10DN60 100 2017 09 26.4   0.4431  +5.9610 19.7 Updated Sept. 26.70 UT           3   0.03 23.4  5.831
YSB07C5  10 2017 09 26.4   5.4010  +9.1650 19.9 Updated Oct. 1.49 UT            27   4.99 10.7  0.846
P10DLg0 100 2017 09 25.5   4.3793 -40.6587 21.1 Updated Sept. 27.63 UT          10   1.76 19.7  5.001
P10DLgC 100 2017 09 25.5   3.9809 -34.3996 20.0 Updated Sept. 26.65 UT           9   0.81 18.6  5.957
P10DKQk  34 2017 09 25.2  22.8268 +29.4767 22.1 Updated Oct. 1.42 UT            15   6.13 19.6  0.891
P10DKQd 100 2017 09 25.2  22.8192 +23.3292 22.2 Added Sept. 25.93 UT             3   0.03 20.5  6.988
P10DJUt 100 2017 09 25.4   0.6866  +2.9565 22.0 Updated Sept. 27.10 UT           5   0.08 24.6  6.790
P10DJUu 100 2017 09 25.4   1.0917  -2.3661 21.8 Updated Sept. 25.99 UT           6   0.05 22.4  6.803
P10DJSv 100 2017 09 25.3  23.2481 +33.2758 22.2 Added Sept. 25.88 UT             3   0.03 22.7  6.937
P10DJUh 100 2017 09 25.3  23.3054 +29.6315 21.5 Added Sept. 25.86 UT             3   0.03 19.5  6.932
P10DJUm  60 2017 09 25.3  23.9001 +32.2293 21.3 Updated Oct. 1.51 UT            10   6.11 18.6  0.854
P10DJUl  86 2017 09 25.3  23.9903 +26.3670 21.7 Updated Oct. 2.24 UT             6   6.88 21.1  0.085
P10DIit 100 2017 09 25.3  23.4940  -1.6466 22.6 Updated Sept. 26.64 UT           6   0.83 23.3  6.092
P10DHqS  69 2017 09 25.2  20.9002  +6.1170 22.0 Updated Sept. 26.31 UT           5   0.97 18.2  6.096
P10DHod 100 2017 09 25.2  20.4162  -3.4301 21.9 Added Sept. 25.79 UT             3   0.02 19.3  7.039
P10DHkq 100 2017 09 25.4   1.0355 -31.0975 22.0 Added Sept. 25.78 UT             4   0.04 23.6  6.787
P10DHkm 100 2017 09 25.4   0.1565 -12.4142 23.8 Added Sept. 25.77 UT             3   0.03 27.7  6.838
P10DHkj 100 2017 09 25.4  23.8757  +0.5576 22.2 Added Sept. 25.76 UT             4   0.04 21.6  6.834
P10DHko 100 2017 09 25.4   0.8539 -22.1786 21.6 Added Sept. 25.76 UT             3   0.04 22.8  6.832
P10DHki 100 2017 09 25.4   0.0126  -5.4613 22.5 Updated Sept. 25.82 UT           7   0.04 24.9  6.837
P10DHkh 100 2017 09 25.5   3.6836 -44.3156 22.1 Updated Sept. 26.62 UT           6   0.83 23.0  5.936
P10DHkg 100 2017 09 25.5   3.2736 -46.3976 21.7 Added Sept. 25.74 UT             4   0.03 21.6  6.743
P10DHk9  93 2017 09 25.3  22.6126 +25.8823 21.7 Updated Oct. 2.16 UT            12   6.80 22.3  0.164
P10DHk5 100 2017 09 25.3  23.0422  -2.4796 21.7 Updated Sept. 26.56 UT           3   0.02 23.3  6.889
P10DHk7 100 2017 09 25.3  22.9692 +31.3321 21.5 Added Sept. 25.71 UT             4   0.03 22.0  6.932
YS1CF5F  66 2017 09 25.3   2.5669 -12.9485 22.1 Added Sept. 25.54 UT             3   0.01 26.8  6.979
YSAE241 100 2017 09 25.4   7.3520 +52.2139 20.9 Added Sept. 25.50 UT             4   0.00 18.9  6.812
YSAE230  72 2017 09 25.4   7.0180 +59.5037 20.7 Updated Oct. 1.98 UT            14   6.05 16.1  0.830
P10DFyv  82 2017 09 24.4   1.2923  +1.4877 21.5 Updated Oct. 2.23 UT             9   7.79 21.8  0.096
P10DFyr  98 2017 09 24.4   2.4724 +10.8412 23.2 Updated Sept. 26.65 UT           6   1.10 27.6  6.789
P10DF0z 100 2017 09 24.3  22.6962  +4.2725 21.9 Updated Sept. 27.03 UT          10   2.66 19.5  5.319
P10DEd6 100 2017 09 24.5   4.9063 -44.9084 21.1 Updated Sept. 26.65 UT           7   1.03 18.9  6.700
P10DBiR 100 2017 09 24.2  22.4164 +32.0528 22.5 Updated Sept. 26.65 UT           6   1.11 20.0  6.909
P10DBiT 100 2017 09 24.2  21.8004 +27.1974 22.1 Updated Sept. 26.65 UT           6   1.11 23.6  6.922
P10DAWi 100 2017 09 24.2  21.0917  -4.9124 21.8 Updated Sept. 26.04 UT          10   0.87 23.5  7.196
P10DqVy  10 2017 09 21.5  23.5606 +30.8609 20.0 Updated Oct. 2.22 UT            99  10.62 20.3  0.167
P10DqgO  35 2017 09 21.4  23.2379 +12.2565 22.1 Updated Sept. 30.29 UT          21   8.81 19.0  2.030
P10DqgN  88 2017 09 21.4  23.0979  +7.1434 26.3 Updated Sept. 23.60 UT          15   0.86 29.1  9.977
P10Dm7l  35 2017 09 19.5  23.1023  +8.3362 19.8 Updated Sept. 30.90 UT         188  11.22 18.0  1.528
