P10BJrn 100 2017 06 25.4  20.1984 -10.7946 21.6 Added June 25.75 UT              4   0.04 21.7  0.226
P10BIZg 100 2017 06 25.4  20.4190  -8.3239 21.0 Added June 25.75 UT              4   0.04 18.8  0.225
P10BIIV  87 2017 06 25.4  19.3861 -36.4971 21.3 Added June 25.74 UT              3   0.03 19.8  0.271
P10BIIU 100 2017 06 25.4  19.6440 -35.8824 21.1 Added June 25.73 UT              4   0.03 18.9  0.271
P10BIIT 100 2017 06 25.4  19.4918 -35.2667 20.5 Added June 25.73 UT              3   0.02 21.8  0.281
P10BIte  83 2017 06 25.3  16.7565  +6.9675 21.6 Added June 25.72 UT              3   0.04 18.7  0.363
P10BItd  85 2017 06 25.3  15.9631  +1.0453 20.7 Added June 25.72 UT              4   0.04 17.2  0.372
P10BIke  91 2017 06 25.3  14.9862 -37.3228 20.2 Added June 25.71 UT              3   0.02 18.5  0.420
P10BIfs 100 2017 06 25.4  19.6735 -32.1445 21.6 Updated June 25.68 UT            6   0.21 21.8  0.086
P10BIfq 100 2017 06 25.3  16.8943  +5.5782 21.7 Added June 25.60 UT              4   0.04 21.3  0.360
YM9FA30  76 2017 06 25.2  17.4133 +30.8969 19.7 Added June 25.46 UT              4   0.01 17.9  0.481
YM9FA3D 100 2017 06 25.3  15.9578 +24.7310 21.0 Updated June 25.38 UT           10   0.06 24.6  0.382
YM9FA2C  68 2017 06 25.2  16.7846 +20.6511 21.1 Updated June 25.33 UT            6   0.05 18.6  0.456
P10BIcg 100 2017 06 24.5   1.4702  +9.3374 21.3 Added June 24.98 UT              3   0.01 19.3  1.148
P10BIcu 100 2017 06 24.5   1.1757 +16.8789 20.4 Added June 24.98 UT              3   0.01 18.1  1.147
P10BHZ2  68 2017 06 24.5  22.0315 -31.1104 19.7 Updated June 25.75 UT            6   1.16 17.4  0.035
P10BHYZ 100 2017 06 24.5  22.1268 -29.9632 18.3 Added June 24.97 UT              3   0.03 17.7  1.169
P10BHZ0 100 2017 06 24.5  22.9465 -23.9757 21.2 Added June 24.97 UT              4   0.03 21.6  1.162
P10BHZ1 100 2017 06 24.5  22.8553 -30.4195 20.8 Added June 24.97 UT              4   0.03 19.0  1.163
P10BHXk 100 2017 06 24.3  16.9579 -13.8626 20.9 Updated June 25.54 UT            6   1.15 20.1  0.214
P10BHeV  82 2017 06 24.5  20.5116 -15.9868 19.6 Updated June 25.63 UT            8   1.09 18.5  0.144
P10BHeU 100 2017 06 24.5  20.9700 -19.8452 21.2 Added June 24.82 UT              3   0.02 21.0  1.204
P10BHeQ 100 2017 06 24.5  20.7467 -22.1846 21.6 Added June 24.82 UT              3   0.02 21.7  1.205
P10BHeT 100 2017 06 24.5  20.3568 -18.0075 21.7 Added June 24.81 UT              3   0.03 22.0  1.210
P10BHeS 100 2017 06 24.5  20.7660 -19.2457 21.8 Added June 24.81 UT              3   0.03 21.8  1.205
P10BHeO 100 2017 06 24.5  20.5891 -23.9130 20.4 Updated June 24.79 UT            6   0.03 21.4  1.206
P10BGqu  61 2017 06 24.4  19.5673 -45.4102 20.7 Updated June 25.58 UT            8   1.09 18.5  0.184
P10BGkW 100 2017 06 24.3  16.9201 -10.6114 21.2 Updated June 25.53 UT            7   1.12 19.1  0.235
P10BGkR  74 2017 06 24.3  16.7377 -12.6247 21.3 Updated June 25.37 UT            7   0.96 18.3  0.400
P10BGkT  45 2017 06 24.3  16.4861 -11.1432 20.5 Updated June 25.35 UT            7   0.94 18.6  0.411
P10BGkV 100 2017 06 24.3  16.3158 -13.5412 21.0 Updated June 25.35 UT            7   0.95 18.7  0.418
P10BGkU  87 2017 06 24.3  16.7806 -10.6301 20.2 Updated June 25.33 UT            7   0.92 19.7  0.437
P10BGkS 100 2017 06 24.3  16.7603 -16.0217 20.4 Added June 24.76 UT              3   0.03 17.4  1.329
P10BFQO 100 2017 06 24.4  19.7311 -43.0798 20.8 Updated June 25.59 UT            7   1.10 25.7  0.172
P10BFQN 100 2017 06 24.4  19.7835 -45.1764 20.2 Updated June 25.61 UT            6   1.12 23.2  0.158
YM9F95E  49 2017 06 24.2  15.7040 +10.4538 19.7 Updated June 25.28 UT            7   1.04 17.4  0.490
YM9F927 100 2017 06 24.2  15.3295 +11.9919 20.5 Updated June 25.27 UT            8   1.05 20.4  0.496
P10BFQK 100 2017 06 23.3  16.9894  +0.1220 21.2 Updated June 23.91 UT            7   1.99 21.4  2.349
P10BFEd  93 2017 06 23.4  19.4508 -28.9661 21.6 Updated June 25.64 UT            7   2.17 21.9  0.119
P10BFC5 100 2017 06 23.4  19.6567 -23.3389 20.4 Added June 23.86 UT              4   0.04 21.5  2.256
P10BFdV 100 2017 06 23.5  21.9352 -36.1105 20.0 Updated June 25.38 UT            6   1.05 21.6  1.143
P10BFe7  68 2017 06 23.5  21.9816 -31.6210 20.5 Updated June 25.72 UT            7   2.14 18.1  0.048
P10BF6v  48 2017 06 23.5  22.0931  +9.1826 20.7 Updated June 25.67 UT            6   1.85 18.5  0.393
P10BF6l 100 2017 06 23.5  22.1073  +9.2767 21.3 Added June 23.79 UT              3   0.02 19.2  2.205
P10BF6j 100 2017 06 23.5  21.7710  +8.4868 22.1 Added June 23.79 UT              4   0.03 20.7  2.206
P10BF6k 100 2017 06 23.5  21.9033 +13.4514 21.5 Added June 23.78 UT              3   0.02 19.7  2.215
P10BF6x  73 2017 06 23.5  21.9201 +15.4521 20.4 Updated June 23.82 UT            8  14.98 17.7  2.204
P10BESo  73 2017 06 23.4  17.4750  -0.7354 21.8 Updated June 23.81 UT            7   2.01 19.8  2.307
P10BESp  70 2017 06 23.4  17.6492  -7.8968 21.3 Updated June 24.46 UT            5   0.95 19.2  1.372
P10BESn  73 2017 06 23.4  17.4765  -5.2503 21.0 Updated June 24.30 UT            6   0.87 18.3  1.474
P10BESa  82 2017 06 23.4  17.0207  -2.5900 21.3 Updated June 24.25 UT            8   0.83 18.7  1.518
P10BES9 100 2017 06 23.4  17.0897  -6.5580 21.9 Updated June 25.56 UT            5   1.10 19.7  1.244
P10BES8  88 2017 06 23.4  17.1201  -3.2590 22.2 Updated June 25.62 UT            7   1.79 23.6  0.542
P10BES7 100 2017 06 23.4  17.3187  -4.3677 21.8 Updated June 24.28 UT            7   0.85 19.0  1.494
P10BEKs  98 2017 06 23.4  17.0766  -6.2696 22.0 Updated June 25.73 UT           12   1.78 20.7  0.569
P10BEub  68 2017 06 23.3  16.8929  +0.1633 21.0 Updated June 24.37 UT            7   0.91 18.1  1.481
P10BEua  68 2017 06 23.3  16.9498  -5.9599 21.1 Updated June 24.41 UT            6   1.00 18.3  1.395
P10BEu7  79 2017 06 23.3  16.2586  -7.6579 21.0 Updated June 24.36 UT           11   0.88 17.9  1.515
P10BEu8  74 2017 06 23.3  16.7018  +0.5288 22.1 Updated June 24.40 UT            7   1.00 19.2  1.394
P10BEu6  89 2017 06 23.3  16.7915  -0.9390 21.0 Updated June 24.24 UT           11   0.87 17.9  1.527
P10BEu5 100 2017 06 23.3  16.9284  -6.8890 21.8 Updated June 24.38 UT            6   0.98 19.6  1.403
P10BEKq  90 2017 06 23.4  17.1817  +0.7855 19.9 Updated June 25.31 UT           20   1.89 21.5  0.455
P10BEt9 100 2017 06 23.3  16.7585  -7.4555 21.6 Updated June 24.42 UT            6   1.05 22.5  1.350
P10BEt6  92 2017 06 23.3  16.6951  -0.4511 22.0 Updated June 25.61 UT           13   1.78 19.4  0.614
P10BEt5 100 2017 06 23.3  16.8410  -6.8428 20.7 Updated June 25.56 UT           11   1.14 22.4  1.254
P10BEt1 100 2017 06 23.3  16.8652  -5.5107 21.4 Added June 23.56 UT              3   0.03 24.4  2.370
P10BEcj 100 2017 06 23.3  13.6358 +40.7800 21.5 Updated June 24.56 UT           11   0.98 18.6  1.463
P10BEce 100 2017 06 23.3  16.3393  -6.1311 21.4 Updated June 24.26 UT            6   0.90 19.1  1.502
OG14001  58 2017 06 23.0  18.4865  -6.7445 18.8 Updated June 25.71 UT           24   2.49  9.7  0.193
YM9F845 100 2017 06 23.4  19.9125 -10.1920 20.0 Updated June 24.34 UT            8   0.90 21.0  1.427
P10BDXM 100 2017 06 22.5  21.8544 -32.7310 21.2 Updated June 23.46 UT            7   0.89 19.5  2.305
P10BDXL 100 2017 06 22.5  20.9433 -23.8365 19.9 Updated June 25.15 UT           14   1.90 19.9  1.297
P10BDXJ 100 2017 06 22.5  22.4416 -20.0368 19.8 Added June 22.74 UT              3   0.04 22.0  3.156
P10BDXK 100 2017 06 22.5  22.0626 -30.3325 21.8 Updated June 25.15 UT            7   1.06 22.0  2.132
P10BDDX 100 2017 06 22.5  18.1884 +27.5033 21.6 Updated June 25.15 UT           10   1.80 22.1  1.447
A102KPh 100 2017 06 22.3  15.6021 -30.8278 18.1 Added June 22.69 UT              4   0.03 23.8  3.380
WaMi049 100 2017 06 22.5  20.0187 -27.0042 21.1 Updated June 25.66 UT           10   3.13 26.0  0.103
P10BDDW 100 2017 06 22.3  12.9104 +48.2530 21.8 Updated June 25.15 UT            9   2.01 14.5  1.431
P10BDk1 100 2017 06 21.5  22.0674 -21.1176 21.5 Updated June 24.48 UT            7   2.88 19.5  1.308
P10BD2o  46 2017 06 21.5  19.9378 -23.7612 21.1 Updated June 25.62 UT           12   4.09 20.6  0.137
P10BCB4 100 2017 06 21.4  21.1351  +1.3992 21.2 Updated June 24.43 UT            9   2.93 21.4  1.345
P10BCn4 100 2017 06 20.5  21.4698 -47.4257 20.8 Updated June 25.70 UT            9   5.13 20.4  0.060
P10BClz  62 2017 06 20.5  20.7851 -44.6959 20.4 Updated June 25.69 UT            9   5.16 19.1  0.073
