YTBE8BC 100 2017 10 13.2  23.3031 +21.6791 20.9 Added Oct. 13.29 UT              4   0.04 27.2  0.013
YTBE888  99 2017 10 13.2   0.8121 +32.2298 21.5 Added Oct. 13.29 UT              4   0.01 21.5  0.019
YTBE87B  74 2017 10 13.2   0.6530 +41.7156 22.0 Added Oct. 13.29 UT              4   0.02 19.4  0.024
YTBE74F 100 2017 10 13.1  22.8891 +21.0119 20.9 Added Oct. 13.22 UT              4   0.02 21.6  0.086
YTBE726  96 2017 10 13.1  22.8963 +24.0212 21.1 Updated Oct. 13.23 UT            8   0.02 20.5  0.085
YTBE6EF  77 2017 10 13.1  21.8325 +26.0145 20.5 Updated Oct. 13.29 UT            8   0.08 18.1  0.047
X52584  100 2017 10 12.6   2.3971  +8.0260 20.1 Added Oct. 13.05 UT              3   0.04 20.9  0.563
A104uyW  98 2017 10 12.2  20.2293  +0.2349 18.6 Updated Oct. 13.17 UT           40   0.86 19.0  0.158
P10Ebfu 100 2017 10 12.2  20.3355 -13.7945 21.2 Added Oct. 12.74 UT              3   0.02 18.2  1.054
P10Ebfw  82 2017 10 12.2  20.6060  -9.4234 21.2 Updated Oct. 13.18 UT           12   0.93 19.1  0.149
P10Eb1W 100 2017 10 12.2  20.7591 -18.0269 20.0 Updated Oct. 13.18 UT           12   0.94 21.7  0.133
YTBE46D 100 2017 10 12.4   1.8280 +28.7500 19.6 Added Oct. 12.55 UT              4   0.00 21.9  0.796
YTBE686 100 2017 10 12.4   2.1011 +33.0424 21.0 Updated Oct. 12.55 UT            7   0.04 21.0  0.778
YTBE547  90 2017 10 12.4   2.1704 +32.0832 20.5 Updated Oct. 13.02 UT           17   0.51 26.6  0.314
YTBE333  85 2017 10 12.4   0.4608 +30.2740 20.6 Added Oct. 12.45 UT              4   0.01 17.9  0.869
YTBE316 100 2017 10 12.3   0.9533 +32.6764 20.8 Updated Oct. 12.49 UT           12   0.10 24.7  0.812
YTBE1FE 100 2017 10 12.3   0.9522 +30.1249 21.6 Updated Oct. 12.46 UT            6   0.03 23.7  0.875
YTBE2E5  79 2017 10 12.3   0.7077 +32.4696 21.3 Updated Oct. 12.58 UT            8   0.07 20.1  0.837
YTBE2E4  90 2017 10 12.3   0.9456 +31.1318 21.0 Updated Oct. 12.96 UT           19   0.56 27.2  0.346
YTBE2E2  75 2017 10 12.3   0.6755 +32.0531 20.8 Updated Oct. 12.58 UT           11   0.07 19.5  0.837
YTBE2E1  36 2017 10 12.3   0.7531 +31.7236 21.2 Updated Oct. 13.30 UT           12   0.89 19.0  0.019
YTBE139  44 2017 10 12.3   0.3901 +29.8113 21.7 Updated Oct. 13.28 UT           12   0.89 20.2  0.033
I130963 100 2017 10 12.2   2.6307 +16.7536 20.5 Added Oct. 12.39 UT              3   0.01 18.9  1.006
YTBDFE4  50 2017 10 12.3  23.8586 +28.3667 21.0 Updated Oct. 13.24 UT           12   0.92 19.6  0.075
YTBDFCC  90 2017 10 12.3   0.0967 +30.3926 21.4 Updated Oct. 13.28 UT           15   0.95 25.9  0.044
YTBDF9C  95 2017 10 12.3  23.6963 +30.0059 20.4 Updated Oct. 13.19 UT           21   0.87 24.9  0.122
YTBDF2A  90 2017 10 12.2  23.3139 +27.9312 21.5 Updated Oct. 13.24 UT           16   0.95 26.3  0.072
S090487  87 2017 10 12.0   2.2095 -47.2007 18.6 Updated Oct. 13.29 UT           21   1.12 19.5  0.100
P10Eat6  65 2017 10 11.4   2.7672  -2.7713 19.9 Updated Oct. 13.29 UT           10   1.80 17.4  0.031
P10EasQ  50 2017 10 11.4   2.5691  -5.3872 19.9 Updated Oct. 13.03 UT            9   1.53 19.0  0.300
P10E9Xa  88 2017 10 11.4   0.9999  +0.0295 21.4 Updated Oct. 12.42 UT            6   0.98 24.7  0.913
P10E9Tb  81 2017 10 11.3  23.8916 -13.6190 19.8 Updated Oct. 13.19 UT            9   1.80 20.9  0.117
P10E8VK  88 2017 10 11.4   1.1123  +4.9791 20.7 Updated Oct. 13.29 UT           12   1.84 25.3  0.053
P10E9Nw 100 2017 10 11.4   3.2747  -9.6896 19.8 Added Oct. 11.75 UT              3   0.04 25.2  1.792
P10E8VJ 100 2017 10 11.4   1.4303  +2.3620 21.3 Added Oct. 11.75 UT              3   0.04 20.5  1.849
A104rNj  78 2017 10 11.4   1.8258 +17.2310 19.2 Updated Oct. 13.11 UT           30   1.65 26.4  0.233
YTBDCE4  41 2017 10 11.3   3.4133 +34.7292 22.2 Updated Oct. 12.43 UT            7   1.05 18.2  0.883
YTBD8BF  35 2017 10 11.2   0.0047 +36.5411 21.2 Updated Oct. 13.26 UT           11   2.01 19.6  0.058
YTBDE49  93 2017 10 11.4   9.5012 +41.0539 21.1 Updated Oct. 12.55 UT           11   1.02 18.8  0.778
I130588 100 2017 10 11.1  23.1923  -3.8745 20.4 Added Oct. 11.45 UT              3   0.01 20.4  2.144
YT27CE1 100 2017 10 11.3   1.6574  -5.9371 20.1 Updated Oct. 12.99 UT           13   1.60 27.2  0.326
YTBDAE8  80 2017 10 11.3   2.4592 +35.6639 21.7 Updated Oct. 12.55 UT           19   1.16 27.8  0.812
YTBDAA2  85 2017 10 11.3   2.7756 +24.6462 19.9 Updated Oct. 13.01 UT           31   1.68 25.3  0.294
YTBD9B7 100 2017 10 11.2   1.9422 +34.5529 20.7 Updated Oct. 12.31 UT           15   0.97 24.5  1.027
YTBD99E  36 2017 10 11.2   0.7901 +38.4848 20.1 Updated Oct. 13.29 UT           10   1.99 18.7  0.028
YTBD8E4  44 2017 10 11.2  23.7016 +34.8224 21.4 Updated Oct. 13.13 UT            8   1.87 18.1  0.194
YTBD868 100 2017 10 11.2  23.5822  +9.4132 21.7 Added Oct. 11.23 UT              4   0.01 19.4  2.083
P10E7Iu  36 2017 10 10.5   3.4877 -16.1607 19.9 Updated Oct. 12.41 UT           14   1.85 10.4  0.906
P10E7EH  35 2017 10 10.4   1.3872 -11.7256 20.8 Updated Oct. 13.28 UT           13   2.73 20.4  0.075
P10E7Br  89 2017 10 10.4   1.4241 -11.2114 20.2 Updated Oct. 13.28 UT           18   2.72 21.7  0.078
P10E7Bq 100 2017 10 10.4   4.7397 -30.5949 19.0 Added Oct. 10.89 UT              3   0.02 26.4  2.781
P10E7cH  72 2017 10 10.4   0.4337  -7.1381 21.3 Updated Oct. 12.53 UT            9   1.83 19.6  1.034
P10E75U  79 2017 10 10.2  19.9436  -8.2949 21.2 Updated Oct. 13.14 UT           10   2.83 15.4  0.187
P10E766  82 2017 10 10.2  20.7040  -5.6924 21.7 Updated Oct. 13.17 UT            6   2.85 18.7  0.143
P10E75V  87 2017 10 10.2  20.8834  -4.4264 21.4 Updated Oct. 13.15 UT           16   2.85 20.5  0.162
P10E6Vq 100 2017 10 10.5   2.4351 -12.8770 20.0 Added Oct. 10.75 UT              4   0.03 24.4  2.766
P10E64s 100 2017 10 10.4   1.0765  -3.3916 21.1 Updated Oct. 12.54 UT            7   1.77 25.8  1.089
P10E5je 100 2017 10 10.2  20.9132  -2.6283 21.9 Updated Oct. 12.16 UT           10   1.85 21.9  1.152
YTBD7C4  88 2017 10 10.4   8.5638 +43.3725 20.3 Updated Oct. 12.56 UT           20   2.01 20.4  0.811
YTBD6E8  73 2017 10 10.3   1.8299 +44.7848 20.8 Updated Oct. 11.54 UT           12   0.98 18.2  1.980
YT23EBD  52 2017 10 10.2  23.6914  +8.9439 19.8 Updated Oct. 12.90 UT           17   2.64 18.2  0.417
YTBD66C  91 2017 10 10.2   0.9026 +44.0939 20.8 Updated Oct. 11.47 UT           14   1.17 18.3  1.836
YTBD668 100 2017 10 10.2   0.6243 +44.2466 21.2 Updated Oct. 11.25 UT           10   0.94 19.7  2.061
YTBD65D  70 2017 10 10.2   0.6117 +42.3987 21.4 Updated Oct. 13.29 UT           12   2.98 21.2  0.024
N00c13o  35 2017 10 06.2  20.8001 -52.9645 21.7 Updated Oct. 11.53 UT           15   5.17 20.3  1.864
P10E3Xb  89 2017 10 07.5   5.3803 -25.0504 20.7 Updated Oct. 12.55 UT            6   4.93 18.6  0.789
N00c0wn 100 2017 10 04.7   7.6326 +62.3538 20.5 Added Oct. 6.92 UT               5   0.72 22.6  7.790
N00c0cb  35 2017 09 29.6   8.5843 +24.4776 21.2 Updated Oct. 9.91 UT            21   9.87 20.8  3.807
A104nX1  10 2017 10 02.5   8.4679  -4.2290 18.1 Updated Oct. 12.79 UT           61  14.13 13.0  0.562
YTBCE5D  98 2017 10 01.3  23.5482 +41.0411 26.2 Updated Oct. 2.14 UT            11   0.79 29.4 11.166
P10E2ep  59 2017 09 30.5   4.9550  +1.6498 21.3 Updated Oct. 1.67 UT            10  11.92 17.5 11.772
P10E1ZQ  10 2017 09 30.5   3.1376  -4.4932 19.5 Updated Oct. 12.44 UT           48  11.83 17.3  0.922
YSB9E03  10 2017 09 29.1  21.4028  +7.5056 21.6 Updated Oct. 13.13 UT           38  29.62 20.4  0.210
P10DVyZ 100 2017 09 28.4  23.4620  -4.0332 22.9 Updated Sept. 30.33 UT           6   1.88 20.0 12.987
YS1D771   0 2017 09 28.3  23.6345  +8.4587 19.7 Updated Oct. 13.24 UT           98  37.82 18.7  0.071
N00bzsy 100 2017 09 25.4   6.2980 +28.5097 19.5 Updated Oct. 12.04 UT           11   1.24 18.4 16.559
P10DRF2 100 2017 09 26.5   0.3821 -33.7028 21.2 Updated Oct. 11.58 UT           10  15.00 22.8  1.748
P10DRGJ  72 2017 09 26.5   5.1073 -23.7473 21.2 Updated Oct. 1.41 UT             7   4.80 19.3 11.898
P10DLg0 100 2017 09 25.5   4.9504 -48.2561 21.0 Updated Sept. 27.63 UT          10   1.76 19.7 15.994
P10DLgC 100 2017 09 25.5   4.2859 -37.3741 19.6 Updated Sept. 26.65 UT           9   0.81 18.6 16.951
P10DIit 100 2017 09 25.3  23.6525  -3.0968 23.4 Updated Sept. 26.64 UT           6   0.83 23.3 17.086
P10DHqS  69 2017 09 25.2  20.9234  +5.0368 22.2 Updated Sept. 26.31 UT           5   0.97 18.2 17.090
P10DHkh 100 2017 09 25.5   3.7965 -49.9900 22.7 Updated Sept. 26.62 UT           6   0.83 23.0 16.929
P10DFyr  98 2017 09 24.4   2.8169 +12.3445 24.4 Updated Sept. 26.65 UT           6   1.10 27.6 17.782
P10DF0z 100 2017 09 24.3  22.6191  +3.3015 22.3 Updated Sept. 27.03 UT          10   2.66 19.5 16.313
P10DEd6 100 2017 09 24.5   5.3914 -50.0434 21.0 Updated Oct. 11.71 UT           10  17.12 19.1  1.600
P10DBiR 100 2017 09 24.2  22.0199 +30.6704 23.0 Updated Sept. 26.65 UT           6   1.11 20.0 17.903
P10DBiT 100 2017 09 24.2  20.3217 +20.9894 21.8 Updated Sept. 26.65 UT           6   1.11 23.6 17.915
P10DAWi 100 2017 09 24.2  21.5852  +8.8387 21.9 Updated Sept. 26.04 UT          10   0.87 23.5 18.189
P10DqVy  35 2017 09 21.5  22.7003 +38.5671 20.7 Updated Oct. 10.44 UT          127  18.90 20.3  2.875
P10DqgO  10 2017 09 21.4  22.9467 +12.7760 22.5 Updated Oct. 12.38 UT           26  20.89 19.0  0.941
P10DqgN  88 2017 09 21.4  23.1527  +6.8095 28.1 Updated Sept. 23.60 UT          15   0.86 29.1 20.970
P10Dm7l  10 2017 09 19.5  21.8769  +3.7627 20.7 Updated Oct. 13.15 UT          197  23.58 18.0  0.162
