YT241F5 100 2017 10 10.2  23.9465 +14.6592 18.6 Added Oct. 10.29 UT              3   0.01 27.7  0.030
YTBD5C3  81 2017 10 10.2  23.1324 +42.9379 20.1 Added Oct. 10.25 UT              4   0.02 18.7  0.060
YT23CD4 100 2017 10 10.2  23.2499  +2.9707 18.7 Added Oct. 10.25 UT              4   0.02 23.1  0.068
N00c13o 100 2017 10 06.2  20.8825 -53.4635 19.4 Added Oct. 10.12 UT              7   0.72 17.4  3.323
YT23AA9  95 2017 10 09.2   1.5643 +36.5539 19.0 Updated Oct. 10.09 UT           24   0.73 24.5  0.289
YT23AA8 100 2017 10 09.2   1.4641 +43.4730 18.6 Updated Oct. 10.13 UT           28   0.75 21.7  0.263
YTBD561  97 2017 10 09.2   5.3071 +57.1130 19.7 Updated Oct. 9.44 UT             8   0.14 17.7  0.871
YTBD540 100 2017 10 09.1  16.5463 +55.8721 20.2 Updated Oct. 10.14 UT           15   1.02 20.6  0.175
P10E52M 100 2017 10 08.2  21.9564 -30.4736 20.4 Added Oct. 8.82 UT               3   0.03 18.7  2.006
A104plQ  88 2017 10 07.4  23.6561 -17.8148 18.3 Updated Oct. 10.20 UT           21   2.75 20.7  0.136
A104plI 100 2017 10 07.3  22.7314  -0.6527 21.1 Added Oct. 7.78 UT               4   0.02 27.0  2.949
P10E3Xb 100 2017 10 07.5   5.3655 -24.8146 20.7 Added Oct. 7.71 UT               3   0.03 18.5  2.700
N00c0wn 100 2017 10 04.7   7.5654 +62.2653 20.5 Added Oct. 6.92 UT               5   0.72 22.6  4.797
YTBD537 100 2017 10 03.5   7.7424 +54.0926 21.3 Added Oct. 3.59 UT               3   0.00 18.8  6.789
YTBD536  47 2017 10 03.4   7.7139 +53.6006 21.3 Updated Oct. 9.52 UT             8   6.03 17.2  0.805
YTBD4F2 100 2017 10 03.4   7.5858 +50.2325 21.3 Updated Oct. 3.51 UT             7   0.06 16.2  6.805
N00c0cb  10 2017 09 29.6   8.1497 +30.2116 21.1 Updated Oct. 9.91 UT            21   9.87 20.8  0.815
A104nX1  10 2017 10 02.5   8.4262  -4.1958 18.3 Updated Oct. 9.83 UT            38  10.91 13.9  0.793
P10E3vu  69 2017 10 02.5   3.2044 -18.6567 19.5 Updated Oct. 3.60 UT            10   0.99 17.4  6.791
YTBCE5D  98 2017 10 01.3  23.5378 +41.1373 25.6 Updated Oct. 2.14 UT            11   0.79 29.4  8.174
P10E2ep  59 2017 09 30.5   4.9425  +2.0003 21.3 Updated Oct. 1.67 UT            10  11.92 17.5  8.779
P10E1ZQ  35 2017 09 30.5   3.1396  -2.9278 19.7 Updated Oct. 5.48 UT            40   3.84 17.4  5.919
YSB9E03  35 2017 09 29.1  21.5525  +5.2979 21.5 Updated Oct. 9.21 UT            30  25.71 20.5  1.125
P10DVyZ 100 2017 09 28.4  23.4927  -3.5871 22.8 Updated Sept. 30.33 UT           6   1.88 20.0  9.995
YS1D771  35 2017 09 28.3  23.6855 +12.3412 19.5 Updated Oct. 8.96 UT            89  33.54 18.6  1.360
N00bzsy 100 2017 09 25.4   6.3263 +32.7848 19.6 Added Sept. 28.06 UT             7   0.79 19.4 14.025
P10DRF2 100 2017 09 26.5   0.6379 -34.5471 20.9 Updated Oct. 1.13 UT             6   3.93 22.7  9.825
P10DRGJ  72 2017 09 26.5   5.0335 -22.7319 21.2 Updated Oct. 1.41 UT             7   4.80 19.3  8.906
P10DLg0 100 2017 09 25.5   4.7905 -46.2837 21.0 Updated Sept. 27.63 UT          10   1.76 19.7 13.002
P10DLgC 100 2017 09 25.5   4.2040 -36.5871 19.7 Updated Sept. 26.65 UT           9   0.81 18.6 13.958
P10DIit 100 2017 09 25.3  23.6098  -2.8090 23.2 Updated Sept. 26.64 UT           6   0.83 23.3 14.093
P10DHqS  69 2017 09 25.2  20.9108  +5.3112 22.1 Updated Sept. 26.31 UT           5   0.97 18.2 14.097
P10DHkh 100 2017 09 25.5   3.7847 -48.8532 22.5 Updated Sept. 26.62 UT           6   0.83 23.0 13.937
P10DFyr  98 2017 09 24.4   2.7711 +12.1296 24.2 Updated Sept. 26.65 UT           6   1.10 27.6 14.790
P10DF0z 100 2017 09 24.3  22.6323  +3.5344 22.2 Updated Sept. 27.03 UT          10   2.66 19.5 13.321
P10DEd6 100 2017 09 24.5   5.2639 -48.7208 21.0 Updated Sept. 26.65 UT           7   1.03 18.9 14.701
P10DBiR 100 2017 09 24.2  22.1081 +31.0783 22.9 Updated Sept. 26.65 UT           6   1.11 20.0 14.910
P10DBiT 100 2017 09 24.2  20.8178 +23.6215 21.8 Updated Sept. 26.65 UT           6   1.11 23.6 14.923
P10DAWi 100 2017 09 24.2  21.4406  +5.2861 21.9 Updated Sept. 26.04 UT          10   0.87 23.5 15.197
P10DqVy  10 2017 09 21.5  22.9076 +36.9888 20.6 Updated Oct. 9.92 UT           125  18.38 20.3  0.405
P10DqgO  35 2017 09 21.4  23.0181 +12.6596 22.4 Updated Sept. 30.29 UT          21   8.81 19.0 10.031
P10DqgN  88 2017 09 21.4  23.1338  +6.8634 27.7 Updated Sept. 23.60 UT          15   0.86 29.1 17.978
P10Dm7l  10 2017 09 19.5  22.1551  +4.8811 20.4 Updated Oct. 10.14 UT          188  20.57 18.0  0.181
