P10EgUQ  92 2017 10 19.5   2.8346 +15.2098 20.3 Updated Oct. 20.11 UT            4  19.03 19.7  0.614
P10Egyt  80 2017 10 19.5   4.0632 +14.3138 20.5 Added Oct. 19.90 UT              3   0.02 19.4  0.567
P10Eg9I  53 2017 10 19.4   3.5813  +0.8423 20.8 Updated Oct. 20.10 UT            6  18.98 19.0  0.658
A104vGk  88 2017 10 19.3   0.4579 +23.9406 19.7 Updated Oct. 20.17 UT           28   0.77 27.7  0.029
A104vGg 100 2017 10 19.5   4.7026 +21.2053 18.5 Updated Oct. 19.95 UT           17   0.42 22.9  0.248
P10Ee5V  98 2017 10 19.3   1.2845  +3.2071 20.1 Updated Oct. 20.19 UT            8   0.78 24.6  0.013
YU916ED  51 2017 10 19.3   2.9891 -12.7678 19.6 Updated Oct. 19.84 UT           11  17.09 17.5  0.575
YU35006  88 2017 10 19.3   2.8363 +23.4587 19.5 Updated Oct. 19.96 UT           15   0.56 26.2  0.256
YU913D2 100 2017 10 19.3   2.6170  -5.5711 20.6 Updated Oct. 19.40 UT            8   0.06 25.2  0.810
P10EdjD 100 2017 10 18.4   2.9894  +1.0340 20.9 Updated Oct. 19.65 UT           10   0.99 25.7  0.716
YU33C0F  78 2017 10 19.1  18.7580 +51.6060 19.2 Updated Oct. 20.15 UT           38   1.02 20.0  0.062
P10Ec6F  55 2017 10 18.4   0.8314 +18.4832 20.9 Updated Oct. 19.68 UT           11   0.95 19.6  0.811
YU3358B  79 2017 10 18.3   2.1615 +17.5041 21.2 Added Oct. 18.37 UT              4   0.03 30.1  1.835
A104vfJ  35 2017 10 14.3  21.5643 +79.7468 18.4 Updated Oct. 19.93 UT           30   4.53 11.9  1.305
YUC00C8 100 2017 10 17.1  19.9840 +47.8869 22.0 Added Oct. 17.73 UT              4   0.00 25.1  3.035
YU8FF57  48 2017 10 17.3   2.8359  -6.8010 21.0 Updated Oct. 19.69 UT            7   2.11 18.0  0.739
YU904A0 100 2017 10 17.4   8.3053  -7.0657 21.2 Added Oct. 17.53 UT              4   0.01 15.7  2.683
YU8FE31  67 2017 10 17.3   2.6828  -0.2247 20.7 Updated Oct. 19.25 UT           18   1.17 20.2  1.679
YU8F53B  98 2017 10 17.3   7.2508  -8.7203 21.4 Updated Oct. 17.37 UT            7   0.05 27.8  2.835
YU8ED29  74 2017 10 17.2   1.4261  -5.7977 21.1 Updated Oct. 18.61 UT           15   1.32 18.8  1.592
A104vfm  71 2017 10 16.4   2.5712 +49.7322 19.0 Updated Oct. 16.90 UT           12   0.39 17.7  3.314
YU8C13B  90 2017 10 16.4   6.1310 +24.6567 22.2 Updated Oct. 17.14 UT           16   0.72 28.2  3.063
YU8B933 100 2017 10 16.3  14.5072  +7.5880 99.9 Added Oct. 16.42 UT              4   0.02 30.6  3.852
YU8A6F2 100 2017 10 16.2   1.6593 +54.0329 21.5 Added Oct. 16.36 UT              4   0.02 27.7  3.916
YU8A270  88 2017 10 16.2   2.4621  +3.8945 21.8 Updated Oct. 20.01 UT           14   3.67 26.3  0.217
YU89B1D  83 2017 10 16.2   1.2296  -1.2892 21.5 Updated Oct. 19.46 UT           16   2.99 22.4  0.920
YU88B3B  95 2017 10 16.2   0.1191  +3.8977 21.7 Updated Oct. 18.62 UT           17   1.98 22.5  1.978
YT83F29 100 2017 10 15.3   1.2800  +3.5406 25.4 Updated Oct. 15.97 UT            6   0.04 30.2  4.853
YT822B4 100 2017 10 15.2  23.3746 +24.5987 21.6 Updated Oct. 15.33 UT            8   0.11 24.8  4.874
YT805F3 100 2017 10 14.2   0.3246  +8.6970 21.3 Added Oct. 14.56 UT              4   0.02 20.9  5.898
YT81604  71 2017 10 14.4   1.1071 +16.6446 20.9 Updated Oct. 16.50 UT           10   1.97 20.4  3.784
YT807BB 100 2017 10 14.2  23.9182 +22.1761 23.3 Added Oct. 14.32 UT              4   0.03 26.7  5.884
DR0190  100 2017 10 14.2   2.1600 +18.9000 20.6 Added Oct. 14.28 UT              3   0.02 20.6  5.925
YT80191 100 2017 10 14.2  22.9200 +17.7029 20.5 Added Oct. 14.26 UT              4   0.02 18.0  5.957
YT80190 100 2017 10 14.2  23.2278 +11.6264 25.7 Updated Oct. 14.61 UT            7   0.12 30.6  5.867
YTBEAE1 100 2017 10 13.3   0.2835 +21.1211 21.2 Added Oct. 13.54 UT              4   0.03 21.1  6.837
YTBE6EF  10 2017 10 13.1  21.7579 +25.7319 20.4 Updated Oct. 20.08 UT           89  49.44 15.1  0.385
YTBE333 100 2017 10 12.4   0.3222 +29.2022 20.6 Added Oct. 12.45 UT              4   0.85 17.9  6.922
P10Eat6  10 2017 10 11.4   2.4998  -0.5405 19.7 Updated Oct. 20.19 UT           45   8.53 17.8  0.192
P10E9Nw 100 2017 10 11.4  10.2222 -30.1311 23.4 Added Oct. 11.75 UT              3   0.04 25.2  8.685
I130588 100 2017 10 11.1  22.9428  -2.8128 20.5 Added Oct. 11.45 UT              3   0.01 20.4  9.036
P10E7Iu  35 2017 10 10.5   3.4454 -16.4027 19.8 Updated Oct. 20.08 UT           64  33.50 10.0  1.103
P10E7Bq 100 2017 10 10.4  10.8790 -10.2345 26.1 Added Oct. 10.89 UT              3   0.02 26.4  9.673
P10E75U  35 2017 10 10.2  20.0016  -9.6260 21.2 Updated Oct. 19.17 UT           27   8.87 15.3  1.043
YTBD6E8  73 2017 10 10.3   1.6782 +44.1413 20.7 Updated Oct. 11.54 UT           12   0.98 18.2  8.872
P10E2ep  35 2017 09 30.5   4.9657  +0.8483 21.1 Updated Oct. 18.18 UT           33  28.50 17.5  2.091
P10E1ZQ  10 2017 09 30.5   3.1161  -8.2031 19.2 Updated Oct. 20.09 UT          107  24.05 17.2  0.767
P10Dm7l  10 2017 09 19.5  21.3748  +1.6485 21.0 Updated Oct. 19.87 UT          221  30.29 17.9  0.349
