YU99738  98 2017 10 22.3   3.9071 +15.5707 20.0 Updated Oct. 22.42 UT            7   0.06 26.5  0.021
YU99127  83 2017 10 22.3   3.4041 +16.9812 21.8 Added Oct. 22.37 UT              4   0.02 18.8  0.069
YU98F6B  98 2017 10 22.3   3.0685 +13.6593 20.8 Updated Oct. 22.40 UT            8   0.06 25.4  0.045
YU98A90  96 2017 10 22.3   3.2051 +15.9407 21.3 Updated Oct. 22.41 UT            7   0.07 19.2  0.035
YU9843A 100 2017 10 22.3   2.8099 +14.0207 21.9 Added Oct. 22.34 UT              4   0.02 19.6  0.107
YU38190 100 2017 10 22.2   3.0424 +36.6856 20.0 Updated Oct. 22.37 UT            8   0.08 22.7  0.072
YU9659B 100 2017 10 22.2  21.0932 +14.5810 21.4 Updated Oct. 22.30 UT            8   0.15 18.9  0.201
YU96112 100 2017 10 22.1  22.8926 +15.2769 20.7 Updated Oct. 22.24 UT            8   0.08 24.1  0.206
YU9605E 100 2017 10 22.0  21.8540 +16.0514 21.2 Updated Oct. 22.19 UT            7   0.09 25.8  0.248
X52740   93 2017 10 21.6   1.8992 +21.9551 20.3 Added Oct. 22.07 UT              3   0.04 18.1  0.755
X52709  100 2017 10 21.7   4.7235  -5.1617 20.6 Added Oct. 22.07 UT              3   0.03 20.6  0.658
P10EhLu  47 2017 10 21.5   4.3662 -13.2372 19.4 Updated Oct. 22.30 UT            6  19.02 17.3  0.846
P10EhLt  93 2017 10 21.5   4.0045 -15.2507 20.4 Added Oct. 21.84 UT              3   0.04 19.5  0.850
A104yjW 100 2017 10 21.4   2.1224 -22.2140 18.4 Added Oct. 21.79 UT              4   0.02 23.4  0.970
YU95BEF  99 2017 10 21.4   3.1442 +25.7494 19.2 Updated Oct. 21.56 UT           10   0.05 27.0  0.916
YU942B2 100 2017 10 21.3   3.2890 +23.9949 21.1 Updated Oct. 21.50 UT            7   0.07 21.0  1.025
YU953F2 100 2017 10 21.3   3.3341 +23.4049 21.5 Added Oct. 21.42 UT              4   0.03 21.6  1.025
YU947E2  78 2017 10 21.3   2.5136 +21.2455 21.0 Updated Oct. 21.61 UT           12   0.16 18.7  0.953
YU36830  98 2017 10 21.3   2.4866 +16.0539 20.3 Updated Oct. 22.10 UT           11   0.48 30.7  0.588
YU3643C 100 2017 10 21.3   2.6733  +3.0997 20.2 Added Oct. 21.37 UT              4   0.02 26.4  1.076
YU943F0 100 2017 10 21.3   2.8093 +22.5581 20.0 Updated Oct. 22.23 UT           12   0.89 22.3  0.213
YU94189  67 2017 10 21.3   3.1457 +25.0493 21.4 Updated Oct. 21.61 UT           11   0.15 19.4  0.942
YU93E3F  78 2017 10 21.3   2.5362 +18.5120 21.3 Updated Oct. 22.34 UT           15   1.02 26.2  0.097
YU93D69  98 2017 10 21.3   3.0526 +25.3997 21.0 Updated Oct. 21.50 UT            6   0.16 27.0  0.959
YU938B0 100 2017 10 21.2   1.6411 +24.9400 20.9 Added Oct. 21.33 UT              3   0.01 21.1  1.125
YU93872  83 2017 10 21.2   1.8739 +25.6726 21.4 Updated Oct. 22.29 UT            8   0.95 19.4  0.182
YU9381C  98 2017 10 21.3   0.7878 +35.0760 19.6 Updated Oct. 21.64 UT            6   0.17 28.6  0.957
YU937BE  81 2017 10 21.2   2.2793 +20.5565 21.2 Updated Oct. 21.45 UT            8   0.10 23.2  1.032
YU9349D  75 2017 10 21.2   1.3151 +22.7639 20.9 Updated Oct. 21.57 UT            7   0.11 18.3  1.047
YU932A2  95 2017 10 21.2   0.7764 +25.7817 19.1 Updated Oct. 22.28 UT           23   0.98 25.6  0.200
YU931A0  98 2017 10 21.2   0.9881 +20.8172 21.8 Updated Oct. 21.57 UT           12   0.18 26.6  1.007
YU9308E  78 2017 10 21.2   0.1770 +27.2963 18.7 Updated Oct. 22.28 UT           22   1.00 26.4  0.208
YU93039  80 2017 10 21.2   0.5505 +12.5967 20.0 Updated Oct. 22.41 UT           31   1.16 23.7  0.052
YU92F9B  98 2017 10 21.2   9.5227 +50.8763 18.7 Updated Oct. 21.48 UT            7   0.09 29.5  1.125
YU92DCA  54 2017 10 21.1  22.6225 +24.0351 21.0 Updated Oct. 22.24 UT           12   1.02 19.2  0.282
YU91ED1 100 2017 10 20.3   2.5865  -8.0917 20.9 Added Oct. 20.54 UT              4   0.02 18.7  2.023
YU92D79  88 2017 10 20.4   5.3597 +23.6989 20.4 Updated Oct. 21.51 UT            6   0.97 18.4  0.968
YU355FF  81 2017 10 20.4   2.9334 +33.9090 20.0 Updated Oct. 21.56 UT            8   1.06 22.0  0.916
YU92AFE 100 2017 10 20.4   5.9843 +32.4509 20.3 Updated Oct. 20.55 UT            8   0.04 25.6  1.917
YU92841  83 2017 10 20.4   3.3327 +26.9279 20.7 Updated Oct. 22.38 UT           19   1.92 24.5  0.060
YU92558  77 2017 10 20.4   3.8327 +22.3807 21.4 Updated Oct. 22.36 UT           24   1.86 26.1  0.124
YUC0117 100 2017 10 20.4   9.5608 +14.1825 23.1 Added Oct. 20.46 UT              3   0.00 25.9  1.984
A104vGk  80 2017 10 19.3   0.7140 +25.2540 21.1 Updated Oct. 21.29 UT           37   1.87 27.7  1.166
A104vGg  95 2017 10 19.5   5.8247 -15.6623 18.1 Updated Oct. 21.56 UT           22   1.80 22.7  1.109
P10Ee5V  95 2017 10 19.3   0.6698  +4.0684 21.0 Updated Oct. 21.64 UT           16   2.91 22.6  1.051
YU35006  95 2017 10 19.3   6.1612 +55.1021 19.3 Updated Oct. 21.51 UT           27   2.07 26.0  0.992
YU913D2 100 2017 10 19.3   2.8683 -22.6497 21.5 Updated Oct. 19.40 UT            8   0.06 25.2  3.053
P10EdjD  81 2017 10 18.4   3.0851  -4.3270 20.7 Updated Oct. 21.51 UT           22   2.98 25.9  0.972
YU33C0F  88 2017 10 19.1  18.2520 +51.0423 19.2 Updated Oct. 22.36 UT           57   3.00 19.9  0.328
YU3358B  79 2017 10 18.3   2.2014 +17.5078 22.2 Added Oct. 18.37 UT              4   0.03 30.1  4.078
A104vfJ  10 2017 10 14.3  21.5238 +79.2203 18.3 Updated Oct. 22.34 UT           52  40.72 11.8  0.157
YUC00C8 100 2017 10 17.1  19.5068 +48.4390 23.1 Added Oct. 17.73 UT              4   0.00 25.1  5.278
YU904A0 100 2017 10 17.4   8.3375  -7.4388 21.2 Added Oct. 17.53 UT              4   0.01 15.7  4.926
YU8F53B  98 2017 10 17.3   9.0355  -6.0827 23.8 Updated Oct. 17.37 UT            7   0.05 27.8  5.078
YU8ED29  74 2017 10 17.2   1.3388  -5.1656 21.1 Updated Oct. 21.25 UT           22   3.96 18.8  1.193
YU8C13B  78 2017 10 16.4   6.3737 +27.5983 23.0 Updated Oct. 20.61 UT           19   4.00 28.2  2.022
YU8B933 100 2017 10 16.3  14.5416  +5.9246 99.9 Added Oct. 16.42 UT              4   0.02 30.6  6.095
YU8A6F2 100 2017 10 16.2   3.0421 +74.0344 22.6 Added Oct. 16.36 UT              4   0.02 27.7  6.159
YU8A270  78 2017 10 16.2   2.6995  +3.5095 22.0 Updated Oct. 21.32 UT           20   5.00 26.2  1.129
YU89B1D   0 2017 10 16.2   1.1584  -3.1712 21.7 Updated Oct. 22.43 UT           26   6.14 22.3  0.013
YU88B3B   5 2017 10 16.2   0.0543  +3.0041 21.5 Updated Oct. 22.23 UT           31   5.96 22.4  0.237
YT83F29 100 2017 10 15.3   1.2761  +3.2674 26.3 Updated Oct. 15.97 UT            6   0.04 30.2  7.096
YTBE6EF  35 2017 10 13.1  21.7382 +25.6337 20.4 Updated Oct. 21.25 UT           94  50.83 15.1  1.236
YTBE333 100 2017 10 12.4   0.2820 +28.8147 20.7 Added Oct. 12.45 UT              4   0.85 17.9  9.165
P10Eat6  35 2017 10 11.4   2.4068  +0.2442 19.7 Updated Oct. 20.51 UT           48   9.03 17.8  1.934
P10E7Iu  10 2017 10 10.5   3.4307 -16.4734 19.7 Updated Oct. 21.96 UT           71  35.94 10.0  0.904
P10E75U  35 2017 10 10.2  20.0236 -10.0332 21.2 Updated Oct. 21.12 UT           29  10.82 15.3  1.333
P10E2ep  35 2017 09 30.5   4.9638  +0.5950 21.2 Updated Oct. 21.43 UT           36  31.82 17.6  1.015
P10E1ZQ  35 2017 09 30.5   3.1045  -9.4175 19.2 Updated Oct. 21.28 UT          117  25.90 17.2  1.159
P10Dm7l  35 2017 09 19.5  21.2469  +1.0922 21.1 Updated Oct. 21.96 UT          227  31.69 17.9  1.187
