YU07C2C 100 2017 10 30.2   1.1745 +22.5544 18.4 Added Oct. 30.24 UT              3   0.02 24.2  0.050
A104JWr 100 2017 10 29.5   6.2267 +22.5336 12.9 Added Oct. 29.93 UT              2   0.01 19.9  0.719
P10ExSP  72 2017 10 29.3   3.1194 +28.2390 20.1 Added Oct. 29.92 UT              4   0.03 18.4  0.853
P10ExSN  48 2017 10 29.3   3.1158 +28.4209 21.0 Updated Oct. 30.19 UT            7   0.77 17.8  0.111
P10ExSQ  82 2017 10 29.3   3.6797 +26.4503 20.1 Updated Oct. 30.20 UT            6   0.78 19.2  0.097
P10ExbO  68 2017 10 29.4   3.7183  +6.4781 20.5 Updated Oct. 30.27 UT            6   0.74 19.6  0.040
P10ExaZ 100 2017 10 29.4   3.1519  +7.7801 21.0 Added Oct. 29.90 UT              4   0.04 22.9  0.751
P10Exb1  84 2017 10 29.4   3.8183  +6.0366 21.7 Updated Oct. 30.03 UT           15  39.93 18.7  0.744
P10Ex23  96 2017 10 29.5   7.6162 +32.0036 21.5 Added Oct. 29.89 UT              4   0.04 21.0  0.688
P10Ex24  87 2017 10 29.5   7.2230 +29.5198 21.9 Added Oct. 29.88 UT              4   0.04 20.7  0.698
P10Ex22 100 2017 10 29.5   7.3642 +29.4776 22.0 Added Oct. 29.88 UT              3   0.02 19.5  0.708
P10EwQA  98 2017 10 29.3   1.7250 -45.9131 19.2 Updated Oct. 30.23 UT            8   0.86 17.5  0.057
P10Ew6o 100 2017 10 29.4   3.4720  +4.6595 21.4 Added Oct. 29.78 UT              4   0.04 25.0  0.750
P10EwtS 100 2017 10 29.4   3.0104  -4.3418 21.3 Added Oct. 29.77 UT              3   0.02 20.0  0.818
P10EwQi  83 2017 10 29.3   0.4174 -41.8035 20.9 Updated Oct. 30.24 UT            6   0.86 19.0  0.081
P10EwQh  95 2017 10 29.3   0.8936 -39.3710 20.5 Updated Oct. 30.23 UT            6   0.88 16.8  0.067
P10Ew6p 100 2017 10 29.4   3.4486  +5.9597 21.8 Added Oct. 29.76 UT              3   0.04 25.1  0.751
A104Hlg  98 2017 10 29.4   4.1935 +29.1233 18.6 Updated Oct. 30.07 UT            7   0.57 26.4  0.215
YUB06C2  84 2017 10 29.3   3.4656 +34.1241 22.0 Added Oct. 29.55 UT              8   0.08 19.5  0.856
YUB0C8E  99 2017 10 29.5   9.9727 +35.1069 21.4 Added Oct. 29.54 UT              3   0.01 18.0  0.756
YUB0C44  82 2017 10 29.4   9.2469 +37.8295 21.0 Updated Oct. 29.57 UT            7   0.05 17.5  0.747
YUB07CF  89 2017 10 29.3   7.1177 +33.2309 21.4 Updated Oct. 29.47 UT            7   0.09 19.5  0.821
YUB0764 100 2017 10 29.3   3.2095 +31.8726 20.4 Updated Oct. 29.42 UT           12   0.07 21.7  0.864
YUB0506  95 2017 10 29.3   2.8861 +38.7509 20.7 Updated Oct. 30.12 UT           15   0.77 24.1  0.195
YUB04A4  90 2017 10 29.3   3.5664 +29.9643 20.1 Updated Oct. 30.13 UT           15   0.81 27.8  0.151
YU06D07  95 2017 10 29.2   3.6402  -5.2477 18.6 Updated Oct. 30.20 UT           31   0.89 23.7  0.093
YUB00EC 100 2017 10 29.2   2.2961 +35.5331 20.4 Updated Oct. 29.57 UT            8   0.07 18.4  0.929
YUAFEF3  46 2017 10 29.2   1.0277 +39.4911 20.6 Updated Oct. 30.26 UT           13   1.00 18.4  0.066
YUAFE9E  96 2017 10 29.2   0.7865 +33.1561 21.2 Updated Oct. 30.20 UT           17   0.94 19.3  0.128
YUAFE6B  95 2017 10 29.1   1.0327 +28.8095 19.4 Updated Oct. 30.26 UT           30   0.97 26.0  0.116
P10Es3z  10 2017 10 28.5   3.2273  -0.0075 21.2 Updated Oct. 29.94 UT           23  27.94 14.7  0.749
YU0527C  80 2017 10 29.1   0.3844 +20.6822 19.2 Updated Oct. 30.21 UT           35   1.10 25.1  0.075
YUAFDC1  85 2017 10 29.1  22.1949 +35.1411 20.1 Updated Oct. 30.20 UT           29   1.02 18.9  0.150
P10Evjl 100 2017 10 28.5   3.6173  +5.0782 22.1 Added Oct. 28.88 UT              3   0.04 22.0  1.727
P10EtTe  86 2017 10 28.5   3.1133 +18.3909 21.0 Updated Oct. 29.40 UT            6   0.76 21.1  0.953
P10EtTf 100 2017 10 28.5   4.0461 +22.5034 22.0 Added Oct. 28.86 UT              3   0.02 21.5  1.675
P10EtTj 100 2017 10 28.5   3.4462 +23.3031 22.1 Added Oct. 28.86 UT              3   0.02 22.0  1.690
P10EtRI 100 2017 10 28.5   3.1087 +19.4592 21.6 Updated Oct. 29.58 UT           10   0.78 23.4  0.941
P10Et0W 100 2017 10 28.5   4.1882 +14.6993 20.7 Updated Oct. 28.88 UT            3   0.02 27.1  1.683
P10Et0X 100 2017 10 28.5   3.3127 +12.1588 20.5 Updated Oct. 29.58 UT            9   0.80 24.1  0.921
P10EsW4 100 2017 10 28.5   3.8537 +19.7931 22.1 Added Oct. 28.83 UT              3   0.04 20.4  1.675
P10EsW1  90 2017 10 28.5   3.7887  +7.9764 20.0 Updated Oct. 30.18 UT           11   1.62 26.1  0.102
P10Es9U  97 2017 10 28.5   3.4683  +1.2014 21.2 Updated Oct. 30.11 UT           16  27.96 18.4  0.749
P10Es4l  71 2017 10 28.5   3.8201  +2.3075 21.4 Updated Oct. 29.91 UT            7   1.01 19.3  0.747
P10Es51  91 2017 10 28.5   3.5668  +5.4151 22.2 Updated Oct. 29.57 UT            6   0.99 23.6  0.774
P10Es3y 100 2017 10 28.5   3.6325  +2.5775 22.5 Added Oct. 28.81 UT              4   0.04 21.1  1.722
P10Es3x 100 2017 10 28.5   3.5299  +6.6623 22.0 Updated Oct. 29.77 UT           10   1.01 23.1  0.742
P10Es3u 100 2017 10 28.5   3.4545  +6.0529 21.4 Updated Oct. 29.57 UT           10   0.87 25.5  0.896
P10Es3t 100 2017 10 28.5   3.5914  +5.4950 21.5 Updated Oct. 29.77 UT           11   1.02 24.0  0.742
P10Es3v 100 2017 10 28.5   3.9221  +5.8660 21.3 Updated Oct. 30.17 UT           10   1.64 27.8  0.120
P10Eqza 100 2017 10 28.4   2.0946  -0.2077 21.9 Added Oct. 28.79 UT              4   0.04 22.2  1.779
P10Eqzb 100 2017 10 28.4   1.9952  +1.6684 21.6 Updated Oct. 29.38 UT            6   0.69 24.6  1.112
P10Eqol 100 2017 10 28.3   2.1073 +39.2174 21.4 Added Oct. 28.77 UT              3   0.04 20.0  1.879
P10Eqon  80 2017 10 28.3   2.4852 +35.7031 20.7 Updated Oct. 29.30 UT            6   0.93 20.1  0.983
P10Eqoj 100 2017 10 28.3   2.6253 +41.8890 21.3 Added Oct. 28.76 UT              3   0.04 20.8  1.877
P10Eqoi 100 2017 10 28.3   2.4819 +39.6383 20.8 Added Oct. 28.76 UT              4   0.04 18.6  1.876
P10Eqoh 100 2017 10 28.3   1.9856 +42.6484 21.5 Added Oct. 28.75 UT              4   0.04 19.5  1.879
P10Eqog  60 2017 10 28.3   2.2216 +38.3185 21.1 Updated Oct. 29.58 UT            7   0.93 18.9  0.982
P10Eqo4 100 2017 10 28.3   2.8287 +40.6241 21.3 Updated Oct. 29.57 UT            8   1.11 24.0  0.795
A104F4M 100 2017 10 28.4   2.9171 +23.9975 17.1 Added Oct. 28.73 UT              2   0.01 22.5  1.767
G07204  100 2017 10 28.1   3.2493 +17.0802 20.6 Updated Oct. 29.58 UT           12   1.16 24.4  0.986
YUADD14  23 2017 10 28.1  22.3657 +29.4628 20.1 Updated Oct. 30.20 UT           20   2.00 16.7  0.148
YUADD93  25 2017 10 28.1  23.5135 +30.2317 21.1 Updated Oct. 30.20 UT           16   1.94 19.0  0.158
YUAFD23  97 2017 10 28.4   9.3930 +30.4777 20.6 Updated Oct. 29.58 UT           14   1.01 18.4  0.775
YUAE97C 100 2017 10 28.3   4.1136 +27.1256 21.7 Added Oct. 28.49 UT              4   0.02 27.5  1.921
P10Eq1X  43 2017 10 28.3   1.4417 +23.7634 20.7 Updated Oct. 29.58 UT            6   1.18 19.0  0.783
P10Eq1W 100 2017 10 28.3   1.5767 +23.6622 21.3 Updated Oct. 29.40 UT           10   0.93 20.8  1.031
P10EpDX  40 2017 10 28.2   0.4322 +41.2582 20.9 Updated Oct. 30.20 UT           12   1.90 18.3  0.104
YU04DAB  83 2017 10 28.3   7.1056 +46.2879 19.4 Updated Oct. 29.59 UT           22   1.09 23.5  0.801
YUAE6C0  74 2017 10 28.3   2.5189 +30.4231 20.8 Updated Oct. 29.57 UT           13   1.01 19.0  0.959
YUAE1CB  88 2017 10 28.2   2.9873 +23.9560 20.5 Updated Oct. 29.22 UT           18   0.94 28.4  1.065
YUAE2FF  83 2017 10 28.2   2.0117 +33.9097 21.2 Updated Oct. 29.40 UT           22   1.03 23.9  0.974
YUADF47  86 2017 10 28.2   0.9363 +32.5902 21.2 Updated Oct. 30.26 UT           28   1.95 19.2  0.103
YUADEF4  83 2017 10 28.2   1.0364 +23.2950 20.5 Updated Oct. 30.18 UT           27   1.88 24.0  0.174
P10EpAY  62 2017 10 27.5   2.2571 +18.8970 21.5 Updated Oct. 28.71 UT           14   9.84 11.8  1.895
P10EpAX 100 2017 10 27.5   7.8439 +36.1451 21.3 Updated Oct. 28.60 UT           10   0.92 12.3  1.770
P10Epve  68 2017 10 27.3   1.2296 +32.0702 21.4 Updated Oct. 28.64 UT           12   1.02 18.9  1.921
P10Epva  24 2017 10 27.3   1.5613 +29.2110 20.0 Updated Oct. 30.12 UT           15   2.76 18.2  0.184
P10EppR  43 2017 10 27.2   0.0131 +32.8871 21.0 Updated Oct. 30.20 UT           13   2.85 18.4  0.147
P10EppS  57 2017 10 27.2   0.9336 +33.1481 21.1 Updated Oct. 29.57 UT           20   1.95 18.4  1.033
A104CR3  88 2017 10 27.2  22.6020 -27.1687 17.9 Updated Oct. 30.20 UT           54   2.82 18.8  0.154
P10EoLI 100 2017 10 27.5   7.8625 +37.7133 21.5 Updated Oct. 28.42 UT            8   0.82 18.8  1.867
P10Eob4  72 2017 10 27.5   2.4712 +20.9917 21.7 Updated Oct. 28.34 UT            8   0.79 13.1  1.956
YUAA810  63 2017 10 27.2   2.2159 +21.4108 21.1 Updated Oct. 29.40 UT           18   2.05 21.6  0.949
YUABD07  52 2017 10 27.3   3.8364 +20.5043 21.1 Updated Oct. 29.57 UT           15   2.07 20.8  0.840
YUAB9C2  98 2017 10 27.3   3.0913 +31.5987 21.8 Updated Oct. 27.51 UT            8   0.17 29.2  2.775
YUAB36D  88 2017 10 27.2   0.9400 +24.9147 20.6 Updated Oct. 30.26 UT           46   2.92 21.3  0.092
YUAA577 100 2017 10 27.2   1.5128 +14.8647 20.1 Updated Oct. 29.27 UT           30   2.01 21.5  1.010
YUAA505  77 2017 10 27.2   1.4408 +23.4433 19.8 Updated Oct. 30.24 UT           37   2.96 18.1  0.050
YUAA513 100 2017 10 27.2   1.9788 +17.8886 21.6 Updated Oct. 29.31 UT           12   2.04 28.8  0.977
YUA9473  10 2017 10 26.2   1.6032 -10.6296 19.6 Updated Oct. 29.55 UT           31   3.19 18.0  0.810
YUA8B2A   0 2017 10 26.2   0.1178  -2.8725 20.8 Updated Oct. 30.23 UT           40   3.97 21.3  0.071
YUA754E  88 2017 10 25.3   3.9382  -4.7991 23.2 Updated Oct. 26.71 UT           26   1.00 28.5  3.881
A104CkU 100 2017 10 23.4  13.0033  -2.7744 28.4 Added Oct. 24.45 UT              3   0.01 25.2  6.845
YUA3FE8 100 2017 10 24.3   3.8938  +0.7488 22.1 Added Oct. 24.41 UT              4   0.02 21.2  5.885
YUA08F1 100 2017 10 24.2  10.0393  +2.4045 24.1 Updated Oct. 24.57 UT            8   0.03 30.2  6.041
P10Em4l 100 2017 10 23.3   0.8477 +14.9565 22.9 Added Oct. 23.83 UT              4   0.04 26.0  6.855
YU9FD8C 100 2017 10 23.4  19.8993 -12.1804 24.8 Updated Oct. 23.61 UT            8   0.07 28.5  6.754
YU9F4AA  10 2017 10 23.3   3.8404  +9.3973 20.4 Updated Oct. 29.43 UT           58  57.82 15.5  0.860
YU9E227 100 2017 10 23.3  14.1617  -9.0409 99.9 Added Oct. 23.51 UT              3   0.02 31.9  6.932
P10ElAG 100 2017 10 22.4   1.6398 +10.7575 22.4 Added Oct. 22.90 UT              4   0.03 22.7  7.788
P10EiQz 100 2017 10 22.3  11.4170 +51.4614 22.0 Added Oct. 22.84 UT              3   0.04 27.6  7.845
P10EhUC 100 2017 10 22.4   3.0014 -11.4693 21.9 Added Oct. 22.83 UT              3   0.04 21.9  7.735
P10EhRh 100 2017 10 22.5   4.6706 -39.9658 21.6 Added Oct. 22.82 UT              3   0.04 22.2  7.678
P10EhMj 100 2017 10 22.5   3.6145  -7.0696 20.7 Updated Oct. 22.76 UT            3   0.04 21.9  7.730
X52709  100 2017 10 21.7   4.8376  -3.2412 20.4 Added Oct. 22.07 UT              3   0.03 20.6  8.497
YU95BEF  99 2017 10 21.4  15.3387 -20.6670 99.9 Updated Oct. 21.56 UT           10   0.05 27.0  8.756
YU3643C 100 2017 10 21.3   4.8237 -10.0306 22.1 Added Oct. 21.37 UT              4   0.02 26.4  8.916
YU938B0 100 2017 10 21.2   1.5643 +26.2697 20.8 Added Oct. 21.33 UT              3   0.01 21.1  8.964
YU9381C  98 2017 10 21.3  20.5518 +38.2678 23.2 Updated Oct. 21.64 UT            6   0.17 28.6  8.796
YU931A0  98 2017 10 21.2   1.3472 +12.2693 23.2 Updated Oct. 21.57 UT           12   0.18 26.6  8.847
YU92F9B  98 2017 10 21.2  11.6125 -13.4380 29.6 Updated Oct. 21.48 UT            7   0.09 29.5  8.964
YU92AFE 100 2017 10 20.4  12.0690 +27.8990 24.8 Updated Oct. 20.55 UT            8   0.04 25.6  9.757
YUC0117 100 2017 10 20.4  11.2609 -11.8868 26.5 Added Oct. 20.46 UT              3   0.00 25.9  9.823
YU913D2 100 2017 10 19.3   3.3322 -45.3080 23.6 Updated Oct. 19.40 UT            8   0.06 25.2 10.892
YU3358B  79 2017 10 18.3   2.2336 +17.4162 24.0 Added Oct. 18.37 UT              4   0.03 30.1 11.917
