YU9349D  72 2017 10 21.2   1.3342 +23.1237 21.1 Added Oct. 21.30 UT              4   0.02 19.7  0.017
YU92DC0  41 2017 10 21.2  22.2339 +25.6905 19.6 Updated Oct. 21.31 UT            8   0.14 17.4  0.044
YU932A2 100 2017 10 21.2   0.9216 +20.6749 19.7 Added Oct. 21.29 UT              4   0.02 23.1  0.038
YU931A0 100 2017 10 21.2   0.8784 +23.3950 21.7 Added Oct. 21.29 UT              4   0.02 30.1  0.040
YU9308E 100 2017 10 21.2   0.2448 +21.4179 19.8 Added Oct. 21.26 UT              4   0.02 23.1  0.072
YU93039 100 2017 10 21.2   0.5253 +19.8840 20.5 Added Oct. 21.25 UT              4   0.02 26.2  0.073
YU92F9B 100 2017 10 21.2  23.9097 +25.1637 20.0 Added Oct. 21.25 UT              3   0.02 26.0  0.075
YU92DCA  86 2017 10 21.1  22.6438 +23.9258 21.2 Added Oct. 21.16 UT              4   0.02 19.4  0.161
YU92D81  57 2017 10 21.0  21.1867 +22.8018 21.2 Updated Oct. 21.26 UT            7   0.10 19.0  0.131
P10Eh5z  23 2017 10 20.2  23.0944 -13.5790 20.3 Updated Oct. 21.18 UT           10  12.85 18.4  0.141
YU91ED1  83 2017 10 20.3   2.6051  -7.7605 20.9 Added Oct. 20.54 UT              4   0.02 18.7  0.899
YU92D79  90 2017 10 20.4   5.3723 +23.2791 20.6 Added Oct. 20.53 UT              3   0.01 20.4  0.802
YU355FF  83 2017 10 20.4   2.9478 +33.8085 20.2 Added Oct. 20.52 UT              4   0.02 17.4  0.835
YU92AFE 100 2017 10 20.4   4.9961 +25.4355 20.2 Updated Oct. 20.55 UT            8   0.04 25.6  0.794
YU92841 100 2017 10 20.4   3.4632 +25.2452 20.9 Updated Oct. 20.55 UT            8   0.07 21.0  0.792
YU92558 100 2017 10 20.4   3.8292 +22.9157 21.1 Updated Oct. 20.55 UT           12   0.05 20.5  0.810
POL0390 100 2017 10 20.0   1.3490  +6.3341 17.6 Added Oct. 20.47 UT              3   0.01 19.0  1.289
YUC0117 100 2017 10 20.4   8.9304 +22.7381 22.4 Added Oct. 20.46 UT              3   0.00 25.9  0.860
YU92253  78 2017 10 20.4   3.2334 +29.8374 19.7 Updated Oct. 20.55 UT            7   0.56 18.9  0.878
P10EgUQ  82 2017 10 19.5   2.7896 +15.7920 20.2 Updated Oct. 20.62 UT           10  19.94 19.6  0.823
P10Egyt  80 2017 10 19.5   4.0668 +14.5302 20.5 Updated Oct. 20.66 UT            9   0.82 19.4  0.891
A104vGk  80 2017 10 19.3   0.6237 +24.8158 20.5 Updated Oct. 21.29 UT           37   1.87 27.7  0.042
A104vGg 100 2017 10 19.5   5.1621  +6.5982 18.0 Updated Oct. 20.32 UT           19   0.79 22.7  0.998
P10Ee5V 100 2017 10 19.3   0.9425  +3.6939 20.7 Updated Oct. 21.24 UT           11   1.83 23.1  0.079
YU916ED  76 2017 10 19.3   2.9605 -12.6406 19.6 Updated Oct. 19.84 UT           11  17.09 17.5  1.694
YU35006  78 2017 10 19.3   3.6504 +36.6223 19.1 Updated Oct. 20.62 UT           21   1.02 26.1  0.922
YU913D2 100 2017 10 19.3   2.7530 -15.1250 21.1 Updated Oct. 19.40 UT            8   0.06 25.2  1.929
P10EdjD  78 2017 10 18.4   3.0335  -1.4136 20.9 Updated Oct. 21.29 UT           19   2.80 25.9  0.027
YU33C0F  88 2017 10 19.1  18.5083 +51.3904 19.2 Updated Oct. 21.23 UT           50   2.06 19.9  0.143
YU3358B  79 2017 10 18.3   2.1867 +17.5106 21.8 Added Oct. 18.37 UT              4   0.03 30.1  2.954
A104vfJ  10 2017 10 14.3  21.5428 +79.4868 18.3 Updated Oct. 21.27 UT           36   6.73 11.8  0.223
YUC00C8 100 2017 10 17.1  19.6895 +48.2799 22.6 Added Oct. 17.73 UT              4   0.00 25.1  4.154
YU8FF57  50 2017 10 17.3   2.8195  -7.1061 21.1 Updated Oct. 20.68 UT           10   2.99 17.9  0.973
YU904A0 100 2017 10 17.4   8.3215  -7.2516 21.2 Added Oct. 17.53 UT              4   0.01 15.7  3.802
YU8F53B  98 2017 10 17.3   8.4109  -7.1915 22.7 Updated Oct. 17.37 UT            7   0.05 27.8  3.954
YU8ED29  39 2017 10 17.2   1.3824  -5.4849 21.1 Updated Oct. 21.25 UT           22   3.96 18.8  0.069
YU8C13B  78 2017 10 16.4   6.2719 +26.3817 22.6 Updated Oct. 20.61 UT           19   4.00 28.2  0.898
YU8B933 100 2017 10 16.3  14.5300  +6.5157 99.9 Added Oct. 16.42 UT              4   0.02 30.6  4.971
YU8A6F2 100 2017 10 16.2   2.1826 +65.7245 22.1 Added Oct. 16.36 UT              4   0.02 27.7  5.035
YU8A270  80 2017 10 16.2   2.5870  +3.6908 21.9 Updated Oct. 20.60 UT           17   4.00 26.3  1.013
YU89B1D  83 2017 10 16.2   1.1931  -2.2556 21.6 Updated Oct. 21.25 UT           23   4.95 22.3  0.079
YU88B3B   5 2017 10 16.2   0.0869  +3.4577 21.6 Updated Oct. 21.25 UT           27   4.96 22.4  0.109
YT83F29 100 2017 10 15.3   1.2775  +3.3775 25.9 Updated Oct. 15.97 UT            6   0.04 30.2  5.972
YT822B4 100 2017 10 15.2  23.4190 +27.2326 21.8 Updated Oct. 15.33 UT            8   0.11 24.8  5.993
YT805F3 100 2017 10 14.2   0.3252  +7.8119 21.4 Added Oct. 14.56 UT              4   0.02 20.9  7.017
YT81604  34 2017 10 14.4   1.1039 +16.4260 20.9 Updated Oct. 21.24 UT           14   6.79 20.5  0.080
YT807BB 100 2017 10 14.2  23.8902 +22.3697 23.6 Added Oct. 14.32 UT              4   0.03 26.7  7.003
YT80190 100 2017 10 14.2  23.2351 +11.5541 26.1 Updated Oct. 14.61 UT            7   0.12 30.6  6.986
YTBE6EF  10 2017 10 13.1  21.7478 +25.6831 20.4 Updated Oct. 21.25 UT           94  50.83 15.1  0.113
YTBE333 100 2017 10 12.4   0.3018 +29.0108 20.6 Added Oct. 12.45 UT              4   0.85 17.9  8.041
P10Eat6  10 2017 10 11.4   2.4537  -0.1522 19.7 Updated Oct. 20.51 UT           48   9.03 17.8  0.810
P10E7Iu  10 2017 10 10.5   3.4381 -16.4385 19.7 Updated Oct. 20.51 UT           66  34.80 10.0  0.921
P10E75U  10 2017 10 10.2  20.0124  -9.8309 21.2 Updated Oct. 21.12 UT           29  10.82 15.3  0.209
P10E2ep  35 2017 09 30.5   4.9651  +0.7213 21.1 Updated Oct. 18.18 UT           33  28.50 17.5  3.210
P10E1ZQ   0 2017 09 30.5   3.1106  -8.8095 19.2 Updated Oct. 21.28 UT          117  25.90 17.2  0.035
P10Dm7l  10 2017 09 19.5  21.3091  +1.3634 21.1 Updated Oct. 21.11 UT          224  31.55 17.9  0.207
