YT827EB 100 2017 10 15.2  23.3607 +12.1227 19.9 Added Oct. 15.28 UT              4   0.00 26.0  0.029
YT829D0 100 2017 10 15.2   0.3387  +7.7731 20.5 Added Oct. 15.28 UT              4   0.02 26.5  0.038
YT826CC 100 2017 10 15.2  23.5025 +10.6228 19.6 Added Oct. 15.26 UT              4   0.02 26.3  0.060
YT82469  84 2017 10 15.2  23.7771 +12.6300 21.2 Added Oct. 15.25 UT              4   0.02 20.3  0.057
YT822F1 100 2017 10 15.2  23.0319  +7.2637 20.3 Added Oct. 15.24 UT              4   0.02 20.2  0.081
YT822B4 100 2017 10 15.2  23.1460  +7.3678 20.8 Added Oct. 15.24 UT              4   0.02 25.7  0.081
YT820F0  98 2017 10 15.1  22.5452  +8.1779 20.7 Updated Oct. 15.27 UT            7   0.08 21.8  0.039
YT81F7F  89 2017 10 15.1  21.9004 +12.0841 21.0 Added Oct. 15.18 UT              4   0.02 18.9  0.129
YT81F0C 100 2017 10 15.1  20.9037  +8.0241 21.3 Added Oct. 15.14 UT              4   0.02 21.0  0.172
YT805F3 100 2017 10 14.2   0.3290 +12.6823 21.2 Added Oct. 14.56 UT              4   0.02 20.9  1.009
YT2D321  76 2017 10 14.4   4.2950  -1.1587 19.6 Added Oct. 14.53 UT              4   0.02 18.2  0.867
YT81604  76 2017 10 14.4   1.1259 +17.5928 20.9 Added Oct. 14.50 UT              4   0.02 21.0  0.851
YT814D1  89 2017 10 14.3   0.5807 +19.2859 20.8 Added Oct. 14.49 UT              4   0.03 18.8  0.873
YT811C8  93 2017 10 14.4   1.8105 +12.0411 19.8 Updated Oct. 15.02 UT           21   0.55 25.0  0.295
YT809E3  90 2017 10 14.3   0.7815 +14.8246 20.1 Updated Oct. 15.06 UT           19   0.66 25.3  0.249
YT80952  79 2017 10 14.3   0.5889 +14.7499 21.7 Added Oct. 14.45 UT              4   0.03 19.7  0.869
YT807BC 100 2017 10 14.2  23.9586 +25.0389 21.3 Added Oct. 14.33 UT              4   0.03 24.8  0.995
YT807BB 100 2017 10 14.2   0.1662 +20.4097 22.0 Added Oct. 14.32 UT              4   0.03 26.7  0.995
DR0190  100 2017 10 14.2   2.2020 +18.0022 20.9 Added Oct. 14.28 UT              3   0.02 20.6  1.036
YT80381 100 2017 10 14.2  23.6298 +20.5756 21.3 Updated Oct. 15.22 UT           14   0.95 25.6  0.105
YT802CA 100 2017 10 14.2  23.8528 +13.3884 21.4 Updated Oct. 14.36 UT            7   0.10 25.8  0.965
YT802C4 100 2017 10 14.2  23.7761 +16.4384 21.4 Updated Oct. 15.23 UT           11   0.98 25.1  0.084
YT2C168  93 2017 10 14.2   0.7158 -19.9559 18.0 Updated Oct. 14.96 UT           17   0.70 26.0  0.363
YT80191 100 2017 10 14.2  23.0138 +17.6731 20.4 Added Oct. 14.26 UT              4   0.02 18.0  1.068
YT80190 100 2017 10 14.2  23.1587 +13.0520 22.7 Updated Oct. 14.61 UT            7   0.12 30.6  0.977
YT800DE  88 2017 10 14.1   1.0394 +31.1236 19.3 Updated Oct. 15.06 UT           34   0.82 28.0  0.334
YT8009B 100 2017 10 14.1  22.9843 +19.1052 21.3 Updated Oct. 15.21 UT           10   1.02 27.5  0.102
YTBFF48  95 2017 10 14.1  22.8190 +12.4466 21.2 Updated Oct. 15.15 UT           23   0.98 25.1  0.178
YTBFF21 100 2017 10 14.1   0.6716 +31.9856 20.8 Added Oct. 14.19 UT              4   0.01 18.9  1.136
MN03AF1 100 2017 10 13.7  21.4519 +45.1735 19.1 Added Oct. 14.03 UT              3   0.02 18.4  1.480
YTBFA5F  74 2017 10 13.4   2.3249 +20.6309 20.4 Updated Oct. 14.30 UT            8   0.82 20.0  1.015
YTBEAE1 100 2017 10 13.3   0.2904 +21.7236 20.9 Added Oct. 13.54 UT              4   0.03 21.1  1.948
YTBFADE  85 2017 10 13.4   3.2210 +24.9014 20.4 Updated Oct. 15.08 UT           19   1.58 25.6  0.247
YT2B876  83 2017 10 13.4   2.5421  +9.0916 18.2 Updated Oct. 15.23 UT           68   1.78 25.1  0.105
YTBEDAD 100 2017 10 13.3   1.5793 +36.2073 20.8 Updated Oct. 14.58 UT            7   0.98 25.6  0.957
YT2B00A  83 2017 10 13.3   2.3629  -4.6010 18.5 Updated Oct. 15.06 UT           79   1.55 24.5  0.379
YTBEC75 100 2017 10 13.3   0.3004 +25.0512 20.2 Updated Oct. 14.61 UT           12   0.84 19.3  1.127
YT2A965  83 2017 10 13.3   2.0786 +13.1505 18.4 Updated Oct. 15.16 UT           70   1.79 24.4  0.161
YTBEA92  83 2017 10 13.2   0.1364 +19.1886 20.4 Updated Oct. 14.97 UT           16   1.66 25.6  0.349
YTBEA52 100 2017 10 13.2   0.1210 +19.2791 21.4 Updated Oct. 14.06 UT           10   0.75 25.1  1.263
YT29333  83 2017 10 13.2  23.9884 +13.8526 19.3 Updated Oct. 15.06 UT           56   1.55 23.4  0.458
YTBE8BC  78 2017 10 13.2  23.9656 +28.3521 21.6 Updated Oct. 15.30 UT           17   2.04 27.2  0.017
YTBE888 100 2017 10 13.2   0.8096 +29.2014 21.8 Updated Oct. 14.57 UT           14   1.11 23.3  0.919
YTBE87B  52 2017 10 13.2   0.6130 +41.3919 22.0 Updated Oct. 14.38 UT            7   1.10 20.2  0.943
YTBE74F  85 2017 10 13.1  22.7094 +20.4133 20.2 Updated Oct. 15.13 UT           28   1.92 23.0  0.188
YTBE6EF  25 2017 10 13.1  21.8086 +25.9366 20.3 Updated Oct. 15.14 UT           19   1.96 14.9  0.172
A104uyW  90 2017 10 12.2  20.1969  -5.8870 18.7 Updated Oct. 15.06 UT           75   2.51 19.1  0.512
P10Eb1W  90 2017 10 12.2  21.1879 -23.1187 20.1 Updated Oct. 15.20 UT           27   2.91 21.8  0.168
YTBE46D 100 2017 10 12.4   1.9558 +24.1530 19.4 Added Oct. 12.55 UT              4   0.00 21.9  2.800
YTBE686  80 2017 10 12.4   2.0204 +34.9909 20.7 Updated Oct. 15.06 UT           24   2.57 21.0  0.260
YTBE547  80 2017 10 12.4   2.4309 +40.1482 21.2 Updated Oct. 14.29 UT           24   1.79 26.5  1.041
YTBE333 100 2017 10 12.4   0.4185 +29.9842 20.6 Added Oct. 12.45 UT              4   0.85 17.9  2.033
YTBE316  85 2017 10 12.3   1.1803 +35.6380 20.8 Updated Oct. 14.40 UT           23   2.00 24.9  0.916
YTBE1FE  83 2017 10 12.3   0.7218 +35.2478 21.4 Updated Oct. 14.38 UT           21   1.98 24.0  0.926
YTBE2E4  80 2017 10 12.3   1.2157 +30.0735 21.9 Updated Oct. 14.40 UT           26   2.00 27.2  0.912
I130963 100 2017 10 12.2   2.5900 +16.2484 20.5 Added Oct. 12.39 UT              3   0.01 18.9  3.009
YTBDFCC  83 2017 10 12.3   0.1193 +32.8030 21.6 Updated Oct. 14.37 UT           19   2.04 25.9  0.958
YTBDF9C  85 2017 10 12.3  23.7543 +35.7756 20.1 Updated Oct. 15.22 UT           38   2.91 24.9  0.091
YTBDF2A  78 2017 10 12.2  23.3097 +27.5314 21.6 Updated Oct. 15.17 UT           20   2.88 26.3  0.147
S090487  87 2017 10 12.0   2.1217 -45.9028 18.7 Updated Oct. 14.83 UT           31   2.69 19.4  0.532
P10Eat6  55 2017 10 11.4   2.6929  -2.1529 19.9 Updated Oct. 14.96 UT           18   3.48 17.9  0.353
P10E9Xa  78 2017 10 11.4   1.0235  -0.7455 21.5 Updated Oct. 14.35 UT           12   2.92 24.9  0.970
P10E9Tb  10 2017 10 11.3  23.8625 -12.7327 19.8 Updated Oct. 14.97 UT           25   3.57 20.9  0.350
P10E8VK  83 2017 10 11.4   1.1224  +6.0471 21.3 Updated Oct. 15.24 UT           18   3.81 25.4  0.082
P10E9Nw 100 2017 10 11.4   4.4976 -19.9944 19.6 Added Oct. 11.75 UT              3   0.04 25.2  3.795
P10E8VJ 100 2017 10 11.4   1.3721  +2.1111 21.3 Added Oct. 11.75 UT              3   0.04 20.5  3.853
A104rNj   0 2017 10 11.4   1.9777 +26.8755 19.9 Updated Oct. 14.89 UT           59   3.45 26.3  0.435
YTBDE49  71 2017 10 11.4   9.6200 +40.8410 21.1 Updated Oct. 14.57 UT           20   3.01 18.6  0.791
I130588 100 2017 10 11.1  23.1176  -3.6007 20.4 Added Oct. 11.45 UT              3   0.01 20.4  4.147
YT27CE1  80 2017 10 11.3   2.2779  -8.2435 20.8 Updated Oct. 15.01 UT           22   3.62 27.2  0.309
YTBDAE8  78 2017 10 11.3   2.6188 +35.1005 22.1 Updated Oct. 14.30 UT           29   2.93 27.7  1.043
YTBDAA2   5 2017 10 11.3   3.2318 +16.6669 20.0 Updated Oct. 14.57 UT           42   3.16 25.2  0.817
YTBD9B7   5 2017 10 11.2   2.1428 +31.6777 20.3 Updated Oct. 14.55 UT           29   3.12 24.5  0.879
P10E7Iu  26 2017 10 10.5   3.4759 -16.2346 19.7 Updated Oct. 15.04 UT           20   4.48 10.1  0.284
P10E7Br 100 2017 10 10.4   1.3706  -8.8364 20.1 Updated Oct. 14.31 UT           21   3.79 21.7  1.012
P10E7Bq 100 2017 10 10.4   8.8530 -24.5472 21.8 Added Oct. 10.89 UT              3   0.02 26.4  4.784
P10E75U  57 2017 10 10.2  19.9589  -8.6941 21.1 Updated Oct. 15.28 UT           19   4.86 15.3  0.163
P10E75V  35 2017 10 10.2  20.9819  -4.2642 21.4 Updated Oct. 14.25 UT           22   3.89 20.5  1.120
P10E6Vq  83 2017 10 10.5   4.1444 -13.2938 18.8 Updated Oct. 15.05 UT           27   4.53 25.0  0.268
P10E64s 100 2017 10 10.4   1.1439  -1.7000 21.3 Updated Oct. 14.32 UT           13   3.86 25.7  1.006
P10E5je  85 2017 10 10.2  20.8950  -2.9534 21.9 Updated Oct. 15.22 UT           15   4.90 22.1  0.106
YTBD7C4  10 2017 10 10.4   8.4561 +45.1316 20.1 Updated Oct. 15.12 UT           34   4.63 20.3  0.193
YTBD6E8  73 2017 10 10.3   1.7870 +44.6457 20.8 Updated Oct. 11.54 UT           12   0.98 18.2  3.983
YTBD65D  58 2017 10 10.2   0.5766 +42.5176 21.2 Updated Oct. 14.90 UT           23   4.60 21.0  0.412
N00c13o  35 2017 10 06.2  20.7511 -52.5883 21.8 Updated Oct. 13.72 UT           18   6.83 20.5  2.212
A104nX1  10 2017 10 02.5   8.4953  -4.2484 18.1 Updated Oct. 15.17 UT           71  16.56 13.3  0.140
P10E2ep  12 2017 09 30.5   4.9607  +1.4136 21.2 Updated Oct. 15.11 UT           17  25.47 17.5  0.234
P10E1ZQ  10 2017 09 30.5   3.1337  -5.5620 19.4 Updated Oct. 14.97 UT           62  14.41 17.3  0.346
P10Dm7l  10 2017 09 19.5  21.7122  +3.0821 20.8 Updated Oct. 14.83 UT          199  25.26 18.0  0.491
