YSB3CEC 100 2017 09 28.1  22.2210  +0.5635 20.0 Updated Sept. 28.29 UT          11   0.14 25.9  0.016
YSB3E8B 100 2017 09 28.1  22.2623  -1.7467 21.3 Added Sept. 28.21 UT             4   0.02 21.7  0.134
YSB3C22 100 2017 09 28.1  21.9111  -3.6475 19.7 Updated Sept. 28.31 UT          16   0.16 23.3  0.019
A104eSG  35 2017 09 27.4   0.8938 +25.1505 18.1 Updated Sept. 28.28 UT          11   0.77 15.1  0.057
N00bzsy 100 2017 09 25.4   6.2758 +46.2418 20.2 Added Sept. 28.06 UT             7   0.79 19.4  2.037
P10DSr3  72 2017 09 27.3  23.0482  +4.9631 21.3 Updated Sept. 27.83 UT          11  37.85 19.6  0.931
YSB391E 100 2017 09 27.4   5.6590  +3.1763 20.5 Added Sept. 27.50 UT             4   0.01 20.5  0.823
YSB3902  99 2017 09 27.4   4.8319  +7.7505 20.2 Added Sept. 27.49 UT             4   0.01 19.2  0.836
YSB3774 100 2017 09 27.3   3.2159  +9.4406 19.7 Updated Sept. 27.46 UT           7   0.08 21.0  0.864
YSB36DA  42 2017 09 27.3   3.1366  +4.5448 20.7 Updated Sept. 27.91 UT          15  24.92 19.4  0.820
YSB30F9  98 2017 09 27.3   1.3730  +4.3968 20.7 Updated Sept. 27.50 UT          11   0.13 27.1  0.831
YSB3016  98 2017 09 27.3   0.8777  +3.1660 21.1 Updated Sept. 27.49 UT          11   0.12 27.3  0.840
YSB2A52 100 2017 09 27.3   2.9183  +3.3367 21.4 Updated Sept. 27.49 UT           8   0.07 27.1  0.914
YSB27EF  84 2017 09 27.3   2.4963  +7.1927 21.2 Updated Sept. 27.61 UT           8   0.09 18.9  0.892
YSB2755 100 2017 09 27.3   2.2534 +15.8138 20.1 Updated Sept. 27.90 UT          14   0.30 24.6  0.688
YSB1334  78 2017 09 27.2  23.6235  +3.4524 21.1 Updated Sept. 28.31 UT          15   1.03 25.4  0.024
YSB154F  98 2017 09 27.2  23.4581 +12.1920 21.2 Updated Sept. 27.42 UT           7   0.08 26.4  0.968
YSB1338 100 2017 09 27.2   0.0652  -5.7651 19.5 Updated Sept. 27.37 UT           7   0.09 25.1  0.963
YSB0B6F  97 2017 09 27.2  22.7673  +7.9733 21.0 Updated Sept. 28.19 UT          11   0.93 21.1  0.144
YSB0AD2  47 2017 09 27.1  20.9033  +6.3489 20.1 Updated Sept. 28.17 UT          13   0.97 18.5  0.189
P10DRKK  49 2017 09 26.5   2.0175  +1.3494 22.0 Updated Sept. 27.90 UT          10  10.02 20.8  0.812
P10DRGK 100 2017 09 26.5   4.4125 -19.9423 20.2 Added Sept. 26.88 UT             4   0.03 16.8  1.693
P10DRF2 100 2017 09 26.5   2.5534 -34.2777 18.8 Updated Sept. 26.94 UT           3   0.03 20.3  1.735
P10DRI3  55 2017 09 26.5   3.8341 -27.0291 19.3 Updated Sept. 28.16 UT          11   1.48 14.6  0.281
P10DRGJ 100 2017 09 26.5   4.6855 -18.4699 21.3 Added Sept. 26.87 UT             4   0.03 18.9  1.688
P10DRGH 100 2017 09 26.5   4.3894 -20.9336 20.8 Added Sept. 26.86 UT             4   0.03 21.2  1.693
P10DRGF 100 2017 09 26.5   4.7728 -16.7990 21.0 Added Sept. 26.85 UT             4   0.03 18.9  1.687
P10DRGG 100 2017 09 26.5   4.5631 -22.0539 20.6 Added Sept. 26.85 UT             3   0.02 18.9  1.701
P10DR2h 100 2017 09 26.4   2.3626  +1.6122 21.8 Added Sept. 26.84 UT             4   0.04 19.6  1.778
P10DR2g  56 2017 09 26.5   2.9543  +4.6201 20.9 Updated Sept. 27.56 UT           8   0.89 18.6  0.927
P10DR2i 100 2017 09 26.5   2.7943  +3.4632 21.4 Added Sept. 26.83 UT             3   0.04 18.8  1.773
P10DQZ3 100 2017 09 26.4   2.0724  +7.0795 21.0 Updated Sept. 28.01 UT          10   0.83 18.9  0.990
P10DQZ1 100 2017 09 26.4   2.1968  +2.8654 22.1 Added Sept. 26.82 UT             3   0.04 23.0  1.781
P10DQZ2 100 2017 09 26.5   2.9821  -0.5492 21.6 Updated Sept. 27.64 UT           6   0.78 21.0  1.035
P10DQZ4 100 2017 09 26.4   2.7481  +8.0770 21.7 Updated Sept. 27.83 UT          11   1.13 18.1  0.684
P10DQZ0 100 2017 09 26.4   2.8971  +7.4567 22.1 Updated Sept. 28.06 UT          11   4.19 22.9  0.684
P10DPGk 100 2017 09 26.4   1.3922  -7.2222 22.3 Updated Sept. 27.92 UT          10   9.99 22.8  1.836
P10DO6s 100 2017 09 26.3   0.4843  -3.5905 21.9 Added Sept. 26.77 UT             3   0.04 21.1  1.887
A104ayU  88 2017 09 26.4   1.2536  +3.4818 20.2 Updated Sept. 28.31 UT          14   1.85 28.0  0.025
P10DN65 100 2017 09 26.6   4.1735 -23.8203 20.8 Updated Sept. 28.01 UT          12   0.98 19.4  0.733
P10DN61 100 2017 09 26.4   1.7479  +3.6038 20.6 Updated Sept. 28.00 UT          10   0.92 25.6  0.899
P10DN63 100 2017 09 26.5   2.7703  +9.1017 21.5 Updated Sept. 27.83 UT          10   1.13 24.5  0.684
P10DN60 100 2017 09 26.4   1.4081  -3.8078 20.9 Updated Sept. 26.70 UT           3   0.03 23.4  1.844
P10DN5X 100 2017 09 26.3   0.0979  -2.2608 21.7 Updated Sept. 26.93 UT           6   0.98 22.7  1.902
YSB07C5 100 2017 09 26.4   5.4204  +9.5337 19.9 Updated Sept. 27.72 UT           9   0.74 10.9  1.109
YSAE8AB  78 2017 09 26.2  23.2727 +13.1387 20.3 Updated Sept. 28.26 UT          28   1.99 23.8  0.069
YSAE58F  35 2017 09 26.2  22.4745 +14.1188 21.0 Updated Sept. 28.15 UT          19   1.92 18.3  0.181
YSAE4BA  86 2017 09 26.2  22.8052  +9.7623 19.9 Updated Sept. 28.15 UT          33   1.92 18.1  0.178
YSAE2B5  90 2017 09 26.1  21.6110 +10.7173 19.6 Updated Sept. 28.24 UT          46   2.04 19.0  0.099
A104ayI  74 2017 09 25.5   4.2062 -15.9426 19.7 Updated Sept. 27.64 UT          10   1.88 17.8  0.841
A1049wX  54 2017 09 25.4  23.5329 +17.7085 19.1 Updated Sept. 28.25 UT          45   2.80 18.3  0.094
P10DLDi  70 2017 09 25.4  23.9758  -0.5215 21.9 Updated Sept. 26.78 UT           7   0.99 20.2  1.891
P10DKQs  96 2017 09 25.5   4.0984 -27.4629 20.3 Updated Sept. 27.68 UT          13   1.91 18.7  0.838
P10DLg0 100 2017 09 25.5   4.1832 -37.7280 21.1 Updated Sept. 27.63 UT          10   1.76 19.7  1.013
P10DLgC 100 2017 09 25.5   3.8675 -33.2879 20.1 Updated Sept. 26.65 UT           9   0.81 18.6  1.970
P10DKQe  65 2017 09 25.2  22.5150 +29.7487 21.5 Updated Sept. 27.05 UT           6   1.05 19.4  2.992
P10DKQt  54 2017 09 25.5   4.3872 -26.7463 20.6 Updated Sept. 27.63 UT          11   1.75 16.3  0.992
P10DKQk 100 2017 09 25.2  22.8832 +30.4064 22.1 Updated Sept. 28.07 UT          12   0.08 19.0  2.950
P10DKQu  27 2017 09 25.5   4.5727 -27.7675 20.3 Updated Sept. 27.87 UT          15   2.01 16.9  0.732
P10DKQv  69 2017 09 25.5   4.6126 -24.0292 21.9 Updated Sept. 27.06 UT           6   1.05 18.7  1.689
P10DKQd 100 2017 09 25.2  22.8591 +25.1602 22.2 Added Sept. 25.93 UT             3   0.03 20.5  3.000
P10DJZI 100 2017 09 25.4   1.4272  -3.4299 22.1 Updated Sept. 27.08 UT           6   0.99 20.9  1.849
P10DJZ8  83 2017 09 25.4   1.8947  -0.1398 21.5 Updated Sept. 28.02 UT          23  26.34 20.6  1.412
P10DJUt 100 2017 09 25.4   0.8122  +0.7356 22.0 Updated Sept. 27.10 UT           5   0.08 24.6  2.803
P10DJUu 100 2017 09 25.4   1.0642  -1.6627 22.0 Updated Sept. 25.99 UT           6   0.05 22.4  2.816
P10DJUp  74 2017 09 25.3  23.7944 +29.4717 21.4 Updated Sept. 27.68 UT           6   1.90 18.9  1.077
P10DJUj  59 2017 09 25.3  23.1784 +27.0055 21.1 Updated Sept. 27.67 UT          10   2.05 18.5  0.934
P10DJUn  80 2017 09 25.3  23.4666 +33.2450 21.9 Updated Sept. 27.62 UT           7   1.82 19.0  1.157
P10DJSv 100 2017 09 25.3  23.2115 +32.2042 22.2 Added Sept. 25.88 UT             3   0.03 22.7  2.949
P10DJUq  70 2017 09 25.3  23.9891 +32.6575 21.9 Updated Sept. 27.64 UT           6   1.92 19.2  1.055
P10DJSu 100 2017 09 25.3  23.9110 +27.2498 22.2 Updated Sept. 27.63 UT           7   1.86 20.0  1.115
P10DJUo  78 2017 09 25.3  23.7351 +25.9630 21.6 Updated Sept. 27.63 UT           6   1.89 19.3  1.083
P10DJUs 100 2017 09 25.4   1.2996  -5.6207 22.0 Updated Sept. 27.08 UT          10   1.00 24.6  1.840
P10DJUh 100 2017 09 25.3  23.4432 +29.3578 21.4 Added Sept. 25.86 UT             3   0.03 19.5  2.945
P10DJUm 100 2017 09 25.3  23.9778 +32.7583 21.4 Added Sept. 25.86 UT             4   0.03 19.2  2.943
P10DJTK  68 2017 09 25.3  23.2511 +33.3045 21.0 Updated Sept. 27.69 UT           7   1.86 18.4  1.121
P10DJUk 100 2017 09 25.3  23.1178 +28.6375 22.1 Updated Sept. 26.71 UT           7   0.87 20.1  2.117
P10DJUl 100 2017 09 25.3   0.0143 +26.4275 21.8 Added Sept. 25.84 UT             3   0.03 21.4  2.941
P10DJSt 100 2017 09 25.4   1.8893 -15.6193 21.1 Updated Sept. 26.57 UT           6   0.97 24.0  1.864
P10DIit 100 2017 09 25.3  23.4333  -0.8214 22.3 Updated Sept. 26.64 UT           6   0.83 23.3  2.105
P10DHvK 100 2017 09 25.3  22.9111  +6.5377 21.4 Updated Sept. 26.91 UT           6   0.81 24.4  2.122
P10DHqS  69 2017 09 25.2  20.9079  +6.5494 21.9 Updated Sept. 26.31 UT           5   0.97 18.2  2.109
P10DHod 100 2017 09 25.2  20.3382  -0.1170 21.7 Added Sept. 25.79 UT             3   0.02 19.3  3.052
P10DHoe 100 2017 09 25.2  20.4105  +3.1970 21.8 Updated Sept. 28.29 UT           9  11.94 21.4  0.051
P10DHkr 100 2017 09 25.4   1.4933  -6.6748 22.0 Updated Sept. 26.67 UT          10   0.86 19.3  1.978
P10DHkq 100 2017 09 25.4   1.0370 -18.8961 21.2 Added Sept. 25.78 UT             4   0.04 23.6  2.799
P10DHkm 100 2017 09 25.4   0.2234  -9.4079 22.4 Added Sept. 25.77 UT             3   0.03 27.7  2.850
P10DHkj 100 2017 09 25.4   0.2193  -0.8261 21.7 Added Sept. 25.76 UT             4   0.04 21.6  2.847
P10DHko 100 2017 09 25.4   0.7516 -12.7452 21.4 Added Sept. 25.76 UT             3   0.04 22.8  2.845
P10DHki 100 2017 09 25.4   0.1125  -5.4256 21.8 Updated Sept. 25.82 UT           7   0.04 24.9  2.850
P10DHkh 100 2017 09 25.5   3.5890 -40.9538 21.8 Updated Sept. 26.62 UT           6   0.83 23.0  1.948
P10DHkg 100 2017 09 25.5   3.4007 -38.6412 21.3 Added Sept. 25.74 UT             4   0.03 21.6  2.755
P10DHkd  90 2017 09 25.2  22.5022 +28.0329 21.4 Updated Sept. 28.17 UT          16   2.87 22.0  0.162
P10DHk9 100 2017 09 25.3  22.9929 +26.1655 21.4 Updated Sept. 26.56 UT           6   0.88 21.9  2.096
P10DHkc  80 2017 09 25.3  23.8299 +20.1324 20.1 Updated Sept. 28.31 UT          20   2.95 22.5  0.021
P10DHkb 100 2017 09 25.3  23.7764 +31.8277 21.4 Updated Sept. 27.51 UT           9   1.98 19.3  0.992
P10DHk5 100 2017 09 25.3  23.3995  -2.8955 20.9 Updated Sept. 26.56 UT           3   0.02 23.3  2.902
P10DHk7 100 2017 09 25.3  23.3372 +32.8244 21.6 Added Sept. 25.71 UT             4   0.03 22.0  2.944
P10DHk6 100 2017 09 25.3  23.4686 +30.7291 21.1 Updated Sept. 26.56 UT           7   0.94 23.4  2.037
YS1CF5F  66 2017 09 25.3   2.5559 -12.9653 20.9 Added Sept. 25.54 UT             3   0.01 26.8  2.991
YSAE241 100 2017 09 25.4   7.2277 +51.5120 20.8 Added Sept. 25.50 UT             4   0.00 18.9  2.825
YSAE230 100 2017 09 25.4   6.8236 +58.7570 20.7 Updated Sept. 25.53 UT           8   0.08 18.9  2.821
YSAE22E 100 2017 09 25.4   7.3965 +51.0176 21.1 Updated Sept. 25.51 UT           8   0.07 18.9  2.825
YS1D1A8 100 2017 09 25.4   4.4894  +1.0074 20.3 Updated Sept. 27.45 UT           9   2.03 22.7  0.876
YS1D19F  88 2017 09 25.3   3.6472 -24.7087 19.1 Updated Sept. 27.45 UT          24   2.06 18.7  0.877
P10DHjZ 100 2017 09 24.3  22.9321  -1.7688 22.2 Updated Sept. 25.13 UT           3   0.03 25.5  3.958
P10DGIG 100 2017 09 24.5   4.5461 +13.8245 22.0 Updated Sept. 26.69 UT           9   1.88 20.9  1.905
P10DGz1  88 2017 09 24.4   2.9934 +16.3511 21.3 Updated Sept. 26.90 UT          19   1.92 22.1  1.937
P10DFyv 100 2017 09 24.4   1.2814  +2.2371 21.4 Added Sept. 24.95 UT             3   0.04 21.2  3.863
P10DFyu 100 2017 09 24.4   1.9253  +1.4910 21.6 Added Sept. 24.95 UT             4   0.04 21.7  3.858
P10DFyr  98 2017 09 24.4   2.1043  +9.2127 22.4 Updated Sept. 26.65 UT           6   1.10 27.6  2.802
P10DF0z 100 2017 09 24.3  22.7442  +4.6952 21.7 Updated Sept. 27.03 UT          10   2.66 19.5  1.332
P10DF3x  79 2017 09 24.3  22.7605  -0.8173 22.6 Added Sept. 24.94 UT             3   0.03 22.1  3.964
P10DF0y 100 2017 09 24.3  22.7052  +4.8785 22.2 Added Sept. 24.93 UT             3   0.03 21.9  3.965
P10DF0t 100 2017 09 24.3  22.7297  +4.7748 22.1 Updated Sept. 26.65 UT           9   1.07 22.4  2.927
P10DF0v 100 2017 09 24.3  22.3027  +6.6334 22.0 Added Sept. 24.91 UT             3   0.04 20.8  3.961
P10DEiQ 100 2017 09 24.3  23.7320  +4.4087 21.5 Added Sept. 24.90 UT             4   0.03 21.8  3.909
P10DEiR  70 2017 09 24.3  23.0134  +4.1962 21.8 Updated Sept. 25.16 UT           6   0.76 20.0  3.177
P10DEeC  69 2017 09 24.2  22.4936 +28.6084 20.9 Updated Sept. 28.24 UT          18   3.95 20.9  0.092
P10DEeG  72 2017 09 24.2  22.7019 +28.5592 21.6 Updated Sept. 25.94 UT          11   1.04 19.3  3.002
P10DEey  94 2017 09 24.2  22.3339 +23.8377 21.9 Updated Sept. 26.65 UT           7   1.11 19.6  2.938
P10DEdb 100 2017 09 24.2  22.4083 +32.7280 22.3 Updated Sept. 26.65 UT           6   1.10 23.3  2.931
P10DEda 100 2017 09 24.6   5.6325 -24.8716 21.8 Added Sept. 24.76 UT             3   0.02 20.2  3.688
P10DEd6 100 2017 09 24.5   4.7292 -42.9119 21.1 Updated Sept. 26.65 UT           7   1.03 18.9  2.712
P10DEd9 100 2017 09 24.6   5.2001 -26.4150 21.0 Updated Sept. 26.65 UT          12   1.90 21.0  1.807
P10DCcT 100 2017 09 24.4   1.0246  -0.6262 21.7 Updated Sept. 26.65 UT          13   0.99 21.9  2.911
P10DBnJ 100 2017 09 24.3  23.6253  +2.3224 22.4 Updated Sept. 25.62 UT          10   0.90 25.5  3.051
P10DBiR 100 2017 09 24.2  22.6130 +32.4032 22.3 Updated Sept. 26.65 UT           6   1.11 20.0  2.922
P10DBiT 100 2017 09 24.2  22.1544 +27.8517 22.4 Updated Sept. 26.65 UT           6   1.11 23.6  2.934
YSADD0E 100 2017 09 24.3   2.7600 +21.9578 22.2 Added Sept. 24.66 UT             3   0.01 19.9  3.908
YSAD618 100 2017 09 24.3   2.3911 +19.5903 20.0 Added Sept. 24.44 UT             4   0.02 18.7  3.950
P10DAWi 100 2017 09 24.2  20.9414 -10.1456 21.7 Updated Sept. 26.04 UT          10   0.87 23.5  3.209
P10CRIH 100 2017 09 23.9   1.5227  +2.6349 17.5 Added Sept. 24.04 UT             2   0.02 17.1  4.340
P10DyXP 100 2017 09 23.3  23.4957 -34.7150 21.5 Updated Sept. 23.95 UT           4   0.03 23.7  4.890
P10DANx 100 2017 09 23.2  22.2860 +39.7786 22.4 Added Sept. 23.85 UT             3   0.03 22.0  4.983
P10DzMy 100 2017 09 23.3  22.6196 -25.0082 21.5 Updated Sept. 26.20 UT          10   2.70 20.2  2.262
P10DyXG 100 2017 09 23.4   2.1879  +5.8820 21.8 Updated Sept. 26.85 UT           9   3.10 21.9  1.780
P10DyXD  89 2017 09 23.4   3.0596 +10.6325 21.8 Updated Sept. 26.50 UT          13   3.03 22.5  1.837
P10DyXv 100 2017 09 23.4   3.3427 +15.1496 21.8 Updated Sept. 25.58 UT           6   2.00 20.2  2.830
P10DyXo 100 2017 09 23.5   4.7003 -33.4706 21.4 Added Sept. 23.78 UT             3   0.03 19.2  4.730
A1047eS 100 2017 09 23.3  20.6903 +18.3409 22.5 Added Sept. 23.74 UT             4   0.02 26.7  4.937
P10DwxW 100 2017 09 22.5   5.2229 +10.0695 21.6 Updated Sept. 25.78 UT          17   2.49 19.9  3.300
P10DqVy  10 2017 09 21.5  23.9210 +26.6121 19.9 Updated Sept. 27.94 UT          78   6.40 20.4  0.402
P10DqgO  56 2017 09 21.4  23.3611 +11.9906 22.0 Updated Sept. 27.45 UT          18   5.94 19.0  0.914
P10DqgN  88 2017 09 21.4  23.0893  +7.4559 25.2 Updated Sept. 23.60 UT          15   0.86 29.1  5.990
P10Dm7l  35 2017 09 19.5  23.6734 +10.1048 19.5 Updated Sept. 27.48 UT         141   7.72 18.0  1.046
