Sar2312  73 2017 10 17.9   3.4993 +29.8995 19.2 Updated Oct. 18.19 UT           11   0.18 17.8  0.168
A104vfJ 100 2017 10 14.3  21.6674 +80.2248 18.9 Added Oct. 17.88 UT              4   0.02 17.6  3.937
A104vfB 100 2017 10 17.4   0.7169 -22.6677 18.2 Added Oct. 17.86 UT              4   0.02 22.4  0.884
YUC00C8 100 2017 10 17.1  21.2331 +44.1374 20.0 Added Oct. 17.73 UT              4   0.00 25.1  1.156
G07068   51 2017 10 15.1   2.0646 +15.6021 21.2 Updated Oct. 18.19 UT           26   2.82 21.2  0.346
YU333C0  77 2017 10 17.4   5.4499 -11.4902 19.9 Added Oct. 17.55 UT              4   0.02 17.8  0.858
YU8FF57  80 2017 10 17.3   2.8626  -6.2487 21.1 Added Oct. 17.54 UT              4   0.02 18.9  0.950
YU904A0  89 2017 10 17.4   8.2775  -6.7549 21.2 Added Oct. 17.53 UT              4   0.01 15.7  0.804
YU90327  98 2017 10 17.4   4.0993  -0.0346 20.8 Updated Oct. 17.56 UT           12   0.11 27.3  0.798
YU901D6 100 2017 10 17.3   4.1677  -2.9519 21.4 Updated Oct. 17.57 UT            8   0.11 22.0  0.816
YU90184  90 2017 10 17.3   3.4053  -6.3234 19.8 Updated Oct. 17.57 UT           12   0.13 18.9  0.817
YU8FE31  62 2017 10 17.3   2.7582  -1.0462 21.2 Updated Oct. 17.56 UT           11   0.16 20.4  0.807
YU8FCEA 100 2017 10 17.3   2.1978  -4.7601 20.8 Updated Oct. 17.99 UT           10   0.65 26.0  0.340
YU8FAD8 100 2017 10 17.3   2.0594  +1.6007 19.7 Updated Oct. 18.02 UT           13   0.69 25.3  0.298
YU32C44 100 2017 10 17.3   1.7797  -3.6459 20.1 Updated Oct. 17.87 UT           11   0.12 21.9  0.888
YU8F53B  98 2017 10 17.3   3.4627  -7.9837 19.4 Updated Oct. 17.37 UT            7   0.05 27.8  0.956
YU32A85  98 2017 10 17.2   1.5451  +7.7660 19.2 Updated Oct. 17.98 UT           14   0.67 26.3  0.348
YU8F47B  98 2017 10 17.3   2.2895  -7.5427 20.8 Updated Oct. 17.42 UT            8   0.10 26.4  0.909
YU8ED9B 100 2017 10 17.2   1.7781  -5.2707 20.9 Updated Oct. 18.31 UT           11   1.02 25.3  0.012
YU8ED29  91 2017 10 17.2   1.4999  -6.3105 21.0 Updated Oct. 18.29 UT           12   1.00 19.5  0.036
YU8E460  88 2017 10 17.2   0.9703  -5.9228 20.9 Updated Oct. 18.31 UT           12   1.02 24.7  0.035
YU8D96B  95 2017 10 17.2   0.3147  -9.8513 19.9 Updated Oct. 18.23 UT           18   0.98 25.7  0.092
YU3138C  93 2017 10 17.1  21.9580  +6.2772 19.7 Updated Oct. 17.86 UT           30   0.67 23.1  0.471
Sar2279  36 2017 10 16.9   4.5960 +63.1785 19.3 Updated Oct. 18.19 UT           17   1.12 15.1  0.188
A104vfo  10 2017 10 16.5   3.7492 +44.8750 18.5 Updated Oct. 17.94 UT           49   3.32 20.3  0.399
A104vfm  71 2017 10 16.4   2.5946 +50.3296 19.1 Updated Oct. 16.90 UT           12   0.39 17.7  1.434
YU8C235 100 2017 10 16.3   3.9650  +3.0052 21.7 Updated Oct. 16.57 UT           12   0.12 24.5  1.800
YU8C13B  90 2017 10 16.4   5.7413 +19.5630 21.3 Updated Oct. 17.14 UT           16   0.72 28.2  1.184
YU8BFCA 100 2017 10 16.3   3.3888 +10.0783 21.1 Updated Oct. 17.58 UT           11   1.06 25.5  0.886
YU8B933 100 2017 10 16.3  14.2986 +16.6307 28.3 Added Oct. 16.42 UT              4   0.02 30.6  1.973
YU8B67E  78 2017 10 16.2   1.7182  +9.6137 20.7 Updated Oct. 17.73 UT           15   1.04 26.5  0.973
YU8B39B 100 2017 10 16.3   3.3364  -4.2274 21.1 Updated Oct. 17.58 UT           11   1.09 27.1  0.852
YU8B27E 100 2017 10 16.3   2.7632  +2.4083 21.3 Updated Oct. 17.58 UT           11   1.10 27.9  0.909
YU8AE9D  93 2017 10 16.3   2.0759  +7.3239 19.5 Updated Oct. 17.95 UT           14   1.61 25.9  0.374
YU304AC  80 2017 10 16.3   2.9262 +13.0202 18.9 Updated Oct. 18.17 UT           34   1.62 26.1  0.345
YU8ABE7 100 2017 10 16.2   1.7652  -0.1198 21.7 Updated Oct. 17.44 UT           12   1.13 26.3  0.898
YU8A98A  83 2017 10 16.2   1.1471  -8.5159 20.7 Updated Oct. 17.93 UT           25   1.65 25.1  0.401
YU8A6F2 100 2017 10 16.2   1.1506 +28.1196 20.6 Added Oct. 16.36 UT              4   0.02 27.7  2.037
YU30007  85 2017 10 16.3   3.0092 +51.9424 18.6 Updated Oct. 18.04 UT           85   1.62 25.1  0.366
YU8A52C  88 2017 10 16.2   0.7702  +7.1719 21.3 Updated Oct. 17.58 UT           14   1.09 26.2  0.993
YU8A270 100 2017 10 16.2   2.2366  +4.2479 21.3 Updated Oct. 16.50 UT            8   0.18 25.7  1.834
YU89B1D 100 2017 10 16.2   1.2914  +0.4009 21.4 Updated Oct. 16.47 UT           10   0.17 20.6  1.856
YU89439  80 2017 10 16.2   1.1869  -2.5300 20.9 Updated Oct. 18.29 UT           21   2.03 25.4  0.026
YU89338  84 2017 10 16.2   1.0351  +4.2361 20.8 Updated Oct. 17.39 UT           17   1.11 22.4  0.937
YU88B3B 100 2017 10 16.2   0.1728  +4.6096 21.7 Updated Oct. 17.34 UT           14   1.09 22.5  0.987
YU88A67  77 2017 10 16.2   0.2602  +6.2769 21.0 Updated Oct. 18.26 UT           19   2.02 22.3  0.057
YU885CE 100 2017 10 16.2   0.0945  +4.5204 22.3 Updated Oct. 17.73 UT           13   1.15 25.4  0.947
YU87791  78 2017 10 16.2  22.9283 +17.5261 21.8 Updated Oct. 17.58 UT           19   1.03 26.3  1.099
YU873AB  88 2017 10 16.1  22.5761  +9.7663 19.8 Updated Oct. 17.74 UT           36   1.56 22.0  0.587
YU8726E  88 2017 10 16.1  21.1729  +3.0061 20.5 Updated Oct. 17.15 UT           19   0.97 26.2  1.194
YT86C68 100 2017 10 15.4   4.2331 +10.9545 20.7 Updated Oct. 16.57 UT            7   1.06 19.4  1.826
YT8604A  97 2017 10 15.3   3.5026 +13.1048 21.4 Updated Oct. 17.50 UT           14  23.01 20.7  0.825
YT85599 100 2017 10 15.3   2.3912 +21.2731 20.8 Updated Oct. 16.62 UT           13   0.95 24.2  1.998
YT83F30  90 2017 10 15.3   2.6884 +22.7401 21.9 Updated Oct. 16.48 UT           15   0.96 28.2  2.055
YT83F29 100 2017 10 15.3   1.2890  +4.0632 24.4 Updated Oct. 15.97 UT            6   0.04 30.2  2.974
YT82469  97 2017 10 15.2  23.7912 +12.2401 21.3 Updated Oct. 17.25 UT           22   2.00 21.3  1.087
YT822B4 100 2017 10 15.2  23.2944 +19.2265 21.3 Updated Oct. 15.33 UT            8   0.11 24.8  2.995
YT81F0C 100 2017 10 15.1  21.0717  +9.2427 21.3 Updated Oct. 17.17 UT           14   2.05 22.1  1.152
YT805F3 100 2017 10 14.2   0.3250 +10.2093 21.3 Added Oct. 14.56 UT              4   0.02 20.9  4.019
YT81604  71 2017 10 14.4   1.1136 +17.0207 20.9 Updated Oct. 16.50 UT           10   1.97 20.4  1.905
YT80952  39 2017 10 14.3   0.5124 +14.8275 21.5 Updated Oct. 18.30 UT           10   3.89 19.5  0.022
YT807BB 100 2017 10 14.2  23.9828 +21.7277 22.9 Added Oct. 14.32 UT              4   0.03 26.7  4.005
DR0190  100 2017 10 14.2   2.1776 +18.5526 20.7 Added Oct. 14.28 UT              3   0.02 20.6  4.046
YT80191 100 2017 10 14.2  22.9538 +17.6960 20.4 Added Oct. 14.26 UT              4   0.02 18.0  4.078
YT80190 100 2017 10 14.2  23.2141 +11.8271 24.9 Updated Oct. 14.61 UT            7   0.12 30.6  3.987
YTBEAE1 100 2017 10 13.3   0.2844 +21.3535 21.0 Added Oct. 13.54 UT              4   0.03 21.1  4.958
YTBE6EF  10 2017 10 13.1  21.7761 +25.8125 20.4 Updated Oct. 17.82 UT           79  47.44 15.1  0.502
YTBE333 100 2017 10 12.4   0.3579 +29.5141 20.6 Added Oct. 12.45 UT              4   0.85 17.9  5.043
P10Eat6  10 2017 10 11.4   2.5758  -1.1769 19.8 Updated Oct. 18.04 UT           36   6.55 17.8  0.288
P10E9Nw 100 2017 10 11.4   8.3335 -33.5836 21.2 Added Oct. 11.75 UT              3   0.04 25.2  6.805
I130588 100 2017 10 11.1  23.0084  -3.1361 20.5 Added Oct. 11.45 UT              3   0.01 20.4  7.157
P10E7Iu  10 2017 10 10.5   3.4574 -16.3403 19.8 Updated Oct. 18.15 UT           58  32.44 10.0  0.282
P10E7Bq 100 2017 10 10.4  10.5375 -13.0747 25.1 Added Oct. 10.89 UT              3   0.02 26.4  7.794
P10E75U  35 2017 10 10.2  19.9844  -9.2751 21.2 Updated Oct. 17.16 UT           25   6.86 15.3  1.167
YTBD6E8  73 2017 10 10.3   1.7205 +44.3631 20.7 Updated Oct. 11.54 UT           12   0.98 18.2  6.993
P10E2ep  10 2017 09 30.5   4.9653  +1.0639 21.2 Updated Oct. 18.18 UT           33  28.50 17.5  0.212
P10E1ZQ  10 2017 09 30.5   3.1242  -7.1848 19.3 Updated Oct. 18.22 UT           95  22.66 17.2  0.281
P10Dm7l  10 2017 09 19.5  21.4944  +2.1624 21.0 Updated Oct. 17.82 UT          231  28.23 18.0  0.527
