YUB0D4F  90 2017 10 31.3   0.9493 +38.9723 20.6 Added Oct. 31.37 UT              4   0.01 18.7  0.048
P10EyGy 100 2017 10 30.5   4.8567 +21.8706 22.2 Added Oct. 31.23 UT              3   0.03 19.9  0.815
P10EzJx 100 2017 10 30.5   4.0358  -3.2370 21.1 Added Oct. 31.22 UT              4   0.04 24.1  0.859
P10EAGf  82 2017 10 30.4   3.9261 -19.4667 20.7 Added Oct. 31.22 UT              4   0.03 18.3  0.903
P10EAHQ 100 2017 10 30.3   1.2847 +36.5366 20.8 Added Oct. 31.22 UT              3   0.04 18.7  0.989
P10EAGe  83 2017 10 30.4   3.9101 -20.0806 20.7 Added Oct. 31.21 UT              4   0.03 18.1  0.903
P10EAGc  93 2017 10 30.4   3.7089 -16.2226 20.4 Added Oct. 31.21 UT              4   0.03 18.1  0.905
P10EzLB  77 2017 10 30.5   4.7764 +20.1944 20.6 Updated Oct. 31.35 UT            7   0.75 18.0  0.085
P10EzNU  88 2017 10 30.5   5.0678  +0.3241 19.6 Updated Oct. 31.38 UT            3   0.04 17.3  0.853
P10EzJz 100 2017 10 30.5   4.3353  +0.2382 21.6 Added Oct. 31.20 UT              3   0.04 22.7  0.858
P10EAGd  48 2017 10 30.4   3.1245 -18.5417 20.6 Added Oct. 31.19 UT              3   0.90 18.8  0.046
P10EAHP 100 2017 10 30.3   1.3409 +40.7253 20.6 Added Oct. 31.19 UT              4   0.04 18.9  0.988
P10EzJy 100 2017 10 30.5   4.7984  -9.2426 21.4 Added Oct. 31.19 UT              3   0.04 22.0  0.851
P10EzLn 100 2017 10 30.5   4.0168 +17.5248 21.8 Added Oct. 31.18 UT              3   0.03 21.8  0.810
P10EzNT 100 2017 10 30.5   4.4537  -4.4355 21.3 Added Oct. 31.18 UT              3   0.04 19.8  0.857
P10EzLA 100 2017 10 30.5   4.5824 +20.0077 21.6 Added Oct. 31.18 UT              3   0.04 18.8  0.806
P10EzLC 100 2017 10 30.5   5.0722  -0.7680 20.0 Updated Oct. 31.23 UT            3   0.03 25.9  0.857
P10EzNS 100 2017 10 30.3   1.8187 +42.9456 20.6 Added Oct. 31.17 UT              3   0.04 21.5  0.980
P10EwYK 100 2017 10 29.6   8.8708 +36.8848 21.1 Updated Oct. 30.98 UT            3   0.02 18.4  1.780
P10EwZv 100 2017 10 29.5   8.5397 +34.0951 22.1 Updated Oct. 30.99 UT            4   0.04 20.6  1.778
P10EwYL 100 2017 10 29.5   8.9310 +41.0001 22.0 Updated Oct. 30.98 UT            3   0.04 19.1  1.781
P10Ex26  98 2017 10 29.5   8.0833 +26.5826 22.0 Updated Oct. 31.10 UT            7   0.97 19.6  1.829
YU09094 100 2017 10 30.2   4.0317 +36.6801 19.9 Updated Oct. 30.57 UT            3   0.02 28.3  1.126
YU07C2C  78 2017 10 30.2   1.3851 +16.2007 18.5 Updated Oct. 31.37 UT           64   1.15 23.6  0.052
P10ExSP  65 2017 10 29.3   3.0975 +27.9041 20.0 Updated Oct. 30.40 UT            8   1.00 18.0  1.025
P10ExSQ 100 2017 10 29.3   3.6555 +26.5382 20.1 Updated Oct. 30.49 UT            9   0.97 19.8  1.049
P10ExbO 100 2017 10 29.4   3.7159  +6.2403 20.5 Updated Oct. 30.27 UT            6   0.74 19.6  1.179
P10ExaZ 100 2017 10 29.4   3.1866  +7.5498 20.9 Added Oct. 29.90 UT              4   0.04 22.9  1.890
P10Ex23  74 2017 10 29.5   7.6262 +31.5475 21.6 Updated Oct. 31.10 UT           17   2.94 19.9  0.895
P10Ex24 100 2017 10 29.5   7.2678 +29.7742 21.9 Updated Oct. 30.98 UT            4   0.04 20.7  1.837
P10Ex22 100 2017 10 29.5   7.4082 +29.4603 22.1 Updated Oct. 30.98 UT            7   0.86 20.8  1.013
P10EwQA 100 2017 10 29.3   1.6460 -44.7195 19.3 Updated Oct. 30.99 UT            8   0.86 17.6  1.196
P10Ew6o  83 2017 10 29.4   3.4840  +7.3299 21.2 Updated Oct. 31.33 UT           12   2.72 25.0  0.170
P10EwtS  95 2017 10 29.4   2.9820  -4.8397 21.2 Updated Oct. 31.31 UT            9   1.80 22.1  0.175
P10EwQi 100 2017 10 29.3   0.4067 -41.1040 20.9 Updated Oct. 30.99 UT            6   0.86 19.0  1.219
P10EwQh 100 2017 10 29.3   0.8772 -39.3891 20.5 Updated Oct. 30.98 UT            6   0.88 16.8  1.205
P10Ew6p 100 2017 10 29.4   3.5514  +6.4991 21.6 Updated Oct. 31.11 UT            7   1.01 24.9  1.889
YUB06C2  42 2017 10 29.3   3.4417 +33.8334 21.9 Updated Oct. 31.40 UT           10   2.04 20.0  0.032
YUB0764  78 2017 10 29.3   2.9377 +26.9052 20.3 Updated Oct. 31.39 UT           35   2.04 21.4  0.040
YUB0506  78 2017 10 29.3   2.7593 +42.6857 20.5 Updated Oct. 31.39 UT           25   2.06 24.1  0.041
YU06D07  80 2017 10 29.2   3.2199  -0.0558 18.1 Updated Oct. 31.40 UT           71   2.09 23.8  0.026
YUAFEF3  26 2017 10 29.2   0.9953 +39.4703 20.7 Updated Oct. 31.38 UT           21  28.97 18.6  0.048
YUAFE9E  89 2017 10 29.2   0.7733 +32.7616 21.2 Updated Oct. 30.55 UT           20   0.99 19.3  1.211
P10Es3z  35 2017 10 28.5   3.2176  -0.0823 21.2 Updated Oct. 30.69 UT           32  28.82 14.7  1.012
YU0527C  78 2017 10 29.1   0.4383 +29.6597 19.4 Updated Oct. 31.36 UT           60   2.24 25.1  0.065
P10Evjl 100 2017 10 28.5   3.6219  +5.0585 22.1 Added Oct. 28.88 UT              3   0.04 22.0  2.866
P10EtTe  88 2017 10 28.5   3.0671 +19.1338 21.0 Updated Oct. 31.33 UT            8   2.72 21.0  0.139
P10EtTf  85 2017 10 28.5   4.0513 +22.6676 21.9 Updated Oct. 30.56 UT            5   1.79 22.3  1.052
P10EtTj  83 2017 10 28.5   3.4553 +23.0801 21.9 Updated Oct. 30.57 UT            6   1.95 22.2  0.906
P10EtRI 100 2017 10 28.5   3.0986 +20.3843 21.6 Updated Oct. 29.58 UT           10   0.78 23.4  2.080
P10Et0W 100 2017 10 28.5   4.5415 +14.1661 21.1 Updated Oct. 28.88 UT            3   0.02 27.1  2.822
P10EsW4 100 2017 10 28.5   3.8179 +19.7568 22.0 Updated Oct. 30.46 UT            6   1.88 21.0  0.974
P10Es9U 100 2017 10 28.5   3.4455  +1.1412 21.5 Updated Oct. 31.12 UT           14  10.79 20.3  1.116
P10Es4l  96 2017 10 28.5   3.8007  +2.2001 21.4 Updated Oct. 29.91 UT            7   1.01 19.3  1.886
P10Es3y 100 2017 10 28.5   3.6033  +2.6216 22.4 Updated Oct. 30.47 UT            7   1.94 21.0  0.960
P10Es3u  93 2017 10 28.5   3.5839  +7.1863 21.5 Updated Oct. 31.31 UT           13   2.76 25.5  0.148
P10Es3t 100 2017 10 28.5   3.6624  +5.4058 21.4 Updated Oct. 30.98 UT           11   1.02 24.0  1.881
P10Eqza 100 2017 10 28.4   2.0357  -0.7964 22.0 Added Oct. 28.79 UT              4   0.04 22.2  2.918
P10Eqol 100 2017 10 28.3   2.0840 +38.9233 21.4 Added Oct. 28.77 UT              3   0.04 20.0  3.018
P10Eqon  52 2017 10 28.3   2.4353 +36.2732 20.5 Updated Oct. 30.56 UT            9   2.08 19.2  0.970
P10Eqoj  52 2017 10 28.3   2.6082 +42.0302 21.2 Updated Oct. 30.56 UT            9   2.10 19.8  0.951
P10Eqoi  60 2017 10 28.3   2.4578 +39.4020 20.7 Updated Oct. 30.56 UT            7   2.09 18.5  0.961
P10Eqoh  88 2017 10 28.3   1.9601 +42.4320 21.2 Updated Oct. 31.20 UT           10   2.07 19.0  0.980
P10Eqog  52 2017 10 28.3   2.1978 +38.0570 20.9 Updated Oct. 31.38 UT           10   2.98 18.6  0.072
A104F4M 100 2017 10 28.4   1.1240 +35.9971 17.9 Added Oct. 28.73 UT              2   0.01 22.5  2.906
YUADD14  23 2017 10 28.1  22.3606 +29.3983 20.2 Updated Oct. 31.18 UT           26   2.68 16.5  0.601
YUADD93  13 2017 10 28.1  23.5203 +30.0042 21.2 Updated Oct. 31.38 UT           18   3.19 19.0  0.050
YUAE97C 100 2017 10 28.3   4.4174 +26.2359 21.7 Added Oct. 28.49 UT              4   0.02 27.5  3.060
P10Eq1X  68 2017 10 28.3   1.4247 +23.2788 20.8 Updated Oct. 29.58 UT            6   1.18 19.0  1.922
P10Eq1W 100 2017 10 28.3   1.5716 +23.5419 21.4 Updated Oct. 29.40 UT           10   0.93 20.8  2.170
P10EpDX  65 2017 10 28.2   0.4163 +40.9763 20.9 Updated Oct. 30.20 UT           12   1.90 18.3  1.243
YUADF47   0 2017 10 28.2   0.9146 +32.3513 21.2 Updated Oct. 31.37 UT           34   3.14 19.1  0.054
P10EpAY  62 2017 10 27.5   2.2509 +18.8311 21.5 Updated Oct. 28.71 UT           14   9.84 11.8  3.033
P10EpAX  60 2017 10 27.5   7.8356 +36.1829 21.5 Updated Oct. 31.07 UT           22   2.94 12.1  0.886
P10Epve  21 2017 10 27.3   1.2115 +31.7382 21.2 Updated Oct. 31.36 UT           20   3.99 18.8  0.090
P10Epva  26 2017 10 27.3   1.5443 +28.7716 19.8 Updated Oct. 30.79 UT           18   3.45 18.1  0.635
P10EppR  60 2017 10 27.2   0.0007 +32.6782 21.1 Updated Oct. 30.57 UT           16   2.91 18.5  1.222
P10EoLI  61 2017 10 27.5   7.8750 +37.9365 21.5 Updated Oct. 30.49 UT           15   2.84 16.7  0.990
P10Eob4  49 2017 10 27.5   2.4626 +20.9545 21.7 Updated Oct. 31.30 UT           11   3.75 13.1  0.136
YUABD07  54 2017 10 27.3   3.8320 +20.7147 21.0 Updated Oct. 30.91 UT           17   3.51 20.8  0.544
YUAB9C2  98 2017 10 27.3   3.0563 +35.2133 21.8 Updated Oct. 27.51 UT            8   0.17 29.2  3.914
YUA9473  35 2017 10 26.2   1.5666 -10.1176 19.5 Updated Oct. 30.79 UT           35   4.13 17.9  1.006
YUA754E  88 2017 10 25.3   3.9231  -4.6767 23.5 Updated Oct. 26.71 UT           26   1.00 28.5  5.020
A104CkU 100 2017 10 23.4  12.9767  -4.5296 28.6 Added Oct. 24.45 UT              3   0.01 25.2  7.984
YUA08F1 100 2017 10 24.2  10.3325  +0.9822 25.1 Updated Oct. 24.57 UT            8   0.03 30.2  7.180
YU9F4AA   0 2017 10 23.3   3.7948  +8.9908 20.4 Updated Oct. 31.41 UT           75  59.81 15.5  0.015
YU9381C  98 2017 10 21.3  20.3849 +37.6327 23.5 Updated Oct. 21.64 UT            6   0.17 28.6  9.935
YU931A0  98 2017 10 21.2   1.3743 +11.6581 23.4 Updated Oct. 21.57 UT           12   0.18 26.6  9.986
