YU8ED9B 100 2017 10 17.2   1.6479  -5.7966 20.8 Added Oct. 17.31 UT              4   0.02 24.9  0.012
YU8ED29  91 2017 10 17.2   1.5394  -6.5776 21.2 Added Oct. 17.30 UT              4   0.02 20.1  0.013
YU8E460 100 2017 10 17.2   1.1007  -6.4217 21.2 Added Oct. 17.28 UT              4   0.02 26.6  0.034
YU8D96B 100 2017 10 17.2   0.4856  -4.8877 20.2 Added Oct. 17.26 UT              4   0.02 24.2  0.056
YU3138C 100 2017 10 17.1  21.9009  +2.0470 19.7 Updated Oct. 17.23 UT            7   0.04 22.3  0.097
Sar2279  56 2017 10 16.9   4.6070 +62.9978 19.2 Updated Oct. 17.20 UT           11   0.15 15.0  0.159
A104vfy  95 2017 10 16.4   2.5971 +43.5325 18.2 Updated Oct. 17.16 UT           23   0.64 25.8  0.203
A104vfo 100 2017 10 16.5   4.1516 +47.1177 18.4 Updated Oct. 17.23 UT           26   0.66 20.2  0.112
A104vfm  46 2017 10 16.4   2.6062 +50.6234 19.1 Updated Oct. 16.90 UT           12   0.39 17.7  0.431
YU8C432  98 2017 10 16.4   1.9852  +7.1739 20.8 Updated Oct. 16.59 UT            8   0.03 26.5  0.793
YU8C235 100 2017 10 16.3   4.0181  +3.9422 21.6 Updated Oct. 16.57 UT           12   0.12 24.5  0.797
YU8C13B  90 2017 10 16.4   5.3700 +14.2573 20.6 Updated Oct. 17.14 UT           16   0.72 28.2  0.181
YU8BFCA 100 2017 10 16.3   3.3996  +7.3083 21.1 Updated Oct. 16.47 UT            8   0.09 24.8  0.850
YU8B933 100 2017 10 16.3   3.2474 +24.3007 19.2 Added Oct. 16.42 UT              4   0.02 30.6  0.970
YU8B67E 100 2017 10 16.2   0.6100 +21.2903 17.2 Added Oct. 16.41 UT              4   0.02 29.4  0.991
YU8B39B  98 2017 10 16.3   3.5218  -1.7108 21.0 Updated Oct. 16.53 UT            8   0.13 26.8  0.808
YU8B27E  98 2017 10 16.3   2.3160  +2.8703 21.1 Updated Oct. 16.59 UT            8   0.16 27.3  0.839
YU8AE9D 100 2017 10 16.3   2.2532  +3.6292 20.6 Updated Oct. 16.57 UT            7   0.17 25.5  0.812
YU304AC  88 2017 10 16.3   3.2377 +15.1365 19.2 Updated Oct. 17.08 UT           23   0.71 26.1  0.250
YU8ABE7 100 2017 10 16.2   1.6843  +0.5372 21.6 Updated Oct. 16.48 UT            8   0.18 25.5  0.846
YU8A98A 100 2017 10 16.2   1.1071  -3.4911 20.5 Updated Oct. 16.45 UT            8   0.18 23.1  0.870
YU8A6F2 100 2017 10 16.2   0.9794 +13.8517 20.4 Added Oct. 16.36 UT              4   0.02 27.7  1.034
YU30007  93 2017 10 16.3   2.8125 +39.8920 17.7 Updated Oct. 17.10 UT           76   0.73 25.1  0.258
YU8A52C  98 2017 10 16.2   0.6145  +4.4360 21.2 Updated Oct. 16.40 UT            7   0.15 26.5  0.925
YU8A270 100 2017 10 16.2   2.0713  +4.5181 21.2 Updated Oct. 16.50 UT            8   0.18 25.7  0.832
YU8A1A1 100 2017 10 16.3   2.0325  +9.1176 20.9 Updated Oct. 17.08 UT           10   0.76 26.1  0.243
YU89B1D 100 2017 10 16.2   1.3318  +1.4453 21.4 Updated Oct. 16.47 UT           10   0.17 20.6  0.854
YU89803 100 2017 10 16.2   1.4164  +7.7982 19.9 Updated Oct. 17.05 UT           10   0.75 27.9  0.278
YU2EAEB  80 2017 10 16.2   1.7301 +15.3986 18.5 Updated Oct. 17.19 UT           13   0.77 17.7  0.261
YU89439 100 2017 10 16.2   1.0890  +0.4158 21.0 Updated Oct. 16.59 UT            8   0.18 24.2  0.874
YU89437 100 2017 10 16.2  23.1257 +30.1996 18.3 Updated Oct. 17.07 UT           10   0.76 29.1  0.289
YU89338 100 2017 10 16.2   1.1003  +3.6679 20.7 Updated Oct. 16.91 UT           13   0.61 22.3  0.436
YU89247  98 2017 10 16.2   1.1001  +7.0703 20.7 Updated Oct. 17.00 UT           14   0.70 27.9  0.347
YU2E6A0  98 2017 10 16.2   0.5865  +5.7701 19.6 Updated Oct. 17.01 UT           14   0.77 27.1  0.325
YU88B3B 100 2017 10 16.2   0.2011  +4.9760 21.8 Updated Oct. 17.30 UT           11   1.04 22.6  0.029
YU88A67  87 2017 10 16.2   0.3308  +5.6604 21.0 Updated Oct. 17.28 UT           13   1.03 22.3  0.046
YU885CE 100 2017 10 16.2   0.0970  +2.8915 22.1 Updated Oct. 16.28 UT            8   0.05 26.0  1.052
YU883E2  83 2017 10 16.2  23.7685 +11.6408 19.3 Updated Oct. 17.25 UT           41   1.02 25.9  0.081
YU87791  90 2017 10 16.2  22.9704 +13.1028 21.5 Updated Oct. 17.20 UT           16   0.98 26.3  0.138
YU87C01  78 2017 10 16.2   0.2525  +7.4386 20.2 Updated Oct. 17.27 UT           22   1.04 26.5  0.062
YU873AB 100 2017 10 16.1  22.6923  +7.7878 19.7 Updated Oct. 17.15 UT           33   0.96 22.0  0.181
YU8726E  88 2017 10 16.1  21.8330  +4.0502 20.7 Updated Oct. 17.15 UT           19   0.97 26.2  0.191
YT82EDF  49 2017 10 15.2  23.7107 +11.3915 22.1 Updated Oct. 17.23 UT           12   1.97 20.9  0.108
YT86C68  82 2017 10 15.4   4.2214 +11.2019 20.7 Updated Oct. 16.57 UT            7   1.06 19.4  0.823
YT86DFF  85 2017 10 15.4   4.3224  +3.2674 20.8 Updated Oct. 16.57 UT           24   1.10 23.3  0.803
YT86C62  88 2017 10 15.4   4.0756 +13.1636 19.7 Updated Oct. 16.96 UT           30   1.52 21.0  0.363
YT8604A 100 2017 10 15.3   3.5279 +12.9613 21.5 Updated Oct. 17.20 UT           11  21.04 20.8  1.795
YT85C0C  83 2017 10 15.3   2.0861 +11.4372 19.5 Updated Oct. 16.92 UT           29   1.53 24.7  0.436
YT857CD  93 2017 10 15.3   2.4756  +2.3528 21.1 Updated Oct. 16.48 UT           15   0.99 25.9  0.972
YT85599 100 2017 10 15.3   2.5388 +17.9820 20.8 Updated Oct. 16.62 UT           13   0.95 24.2  0.995
YT83F30  90 2017 10 15.3   2.2859 +19.7546 21.6 Updated Oct. 16.48 UT           15   0.96 28.2  1.052
YT83F29 100 2017 10 15.3   1.2994  +4.6581 23.6 Updated Oct. 15.97 UT            6   0.04 30.2  1.971
YT829D0  88 2017 10 15.2   0.6778 +18.3151 20.7 Updated Oct. 17.05 UT           14   1.79 27.6  0.266
YT82469  72 2017 10 15.2  23.7859 +12.3682 21.2 Updated Oct. 17.25 UT           22   2.00 21.3  0.084
YT822F1  10 2017 10 15.2  22.9410  +7.2372 20.4 Updated Oct. 17.20 UT           30  22.77 21.4  0.162
YT822B4 100 2017 10 15.2  23.2480 +15.7729 21.1 Updated Oct. 15.33 UT            8   0.11 24.8  1.992
YT820F0  90 2017 10 15.1  22.7147  +8.1269 20.7 Updated Oct. 17.14 UT           27   1.94 22.0  0.186
YT81F7F  39 2017 10 15.1  21.9395 +11.7010 20.9 Updated Oct. 17.13 UT           19   1.95 19.3  0.201
YT81F0C  95 2017 10 15.1  21.0142  +8.8363 21.3 Updated Oct. 17.17 UT           14   2.05 22.1  0.149
YT805F3 100 2017 10 14.2   0.3259 +11.0274 21.2 Added Oct. 14.56 UT              4   0.02 20.9  3.016
YT81604  46 2017 10 14.4   1.1173 +17.2174 20.9 Updated Oct. 16.50 UT           10   1.97 20.4  0.902
YT80952 100 2017 10 14.3   0.5364 +14.7998 21.8 Added Oct. 14.45 UT              4   0.03 19.7  2.876
YT807BB 100 2017 10 14.2   0.0298 +21.3968 22.6 Added Oct. 14.32 UT              4   0.03 26.7  3.002
DR0190  100 2017 10 14.2   2.1863 +18.3684 20.8 Added Oct. 14.28 UT              3   0.02 20.6  3.043
YT802CA  90 2017 10 14.2   0.2507  +9.0768 21.8 Updated Oct. 17.27 UT           15   3.00 25.8  0.068
YT80191 100 2017 10 14.2  22.9730 +17.6902 20.4 Added Oct. 14.26 UT              4   0.02 18.0  3.075
YT80190 100 2017 10 14.2  23.2042 +12.0167 24.4 Updated Oct. 14.61 UT            7   0.12 30.6  2.985
YTBEAE1 100 2017 10 13.3   0.2858 +21.4773 21.0 Added Oct. 13.54 UT              4   0.03 21.1  3.955
YTBE888 100 2017 10 13.2   0.8084 +26.0436 21.7 Updated Oct. 14.57 UT           14   1.11 23.3  2.926
YTBE6EF  10 2017 10 13.1  21.7865 +25.8548 20.4 Updated Oct. 17.18 UT           48   3.99 15.1  0.143
YTBE333 100 2017 10 12.4   0.3777 +29.6750 20.6 Added Oct. 12.45 UT              4   0.85 17.9  4.040
P10Eat6  35 2017 10 11.4   2.6155  -1.5082 19.8 Updated Oct. 16.41 UT           24   4.83 17.8  1.003
P10E9Nw 100 2017 10 11.4   6.9096 -31.8634 20.3 Added Oct. 11.75 UT              3   0.04 25.2  5.803
P10E8VJ   0 2017 10 11.4   1.2723  +0.1588 18.7 Updated Oct. 17.16 UT           43   5.64 27.5  0.255
I130588 100 2017 10 11.1  23.0443  -3.2981 20.5 Added Oct. 11.45 UT              3   0.01 20.4  6.154
P10E7Iu  10 2017 10 10.5   3.4636 -16.3058 19.7 Updated Oct. 17.23 UT           47  31.44  9.9  0.279
P10E7Bq 100 2017 10 10.4  10.2301 -15.5205 24.3 Added Oct. 10.89 UT              3   0.02 26.4  6.791
P10E75U  10 2017 10 10.2  19.9756  -9.0841 21.2 Updated Oct. 17.16 UT           25   6.86 15.3  0.164
YTBD6E8  73 2017 10 10.3   1.7429 +44.4671 20.7 Updated Oct. 11.54 UT           12   0.98 18.2  5.990
P10E2ep  10 2017 09 30.5   4.9643  +1.1799 21.2 Updated Oct. 17.18 UT           24  27.48 17.5  0.231
P10E1ZQ  10 2017 09 30.5   3.1279  -6.6426 19.4 Updated Oct. 17.09 UT           81  16.52 17.3  0.241
P10Dm7l  10 2017 09 19.5  21.5632  +2.4553 20.8 Updated Oct. 17.21 UT          212  27.64 17.9  0.116
