A1033mP 100 2017 07 23.3  16.5671 +51.8636 18.6 Added July 23.70 UT              4   0.03 24.5  0.330
A1033mM  85 2017 07 22.5  22.1958 +24.5959 16.6 Updated July 23.67 UT           53   1.15 23.4  0.069
P10BRbb 100 2017 07 22.5  23.7936  -4.6853 21.2 Updated July 23.55 UT           11   0.62 20.5  0.547
OG14256  39 2017 07 21.9  20.2092  -5.0604 19.2 Updated July 23.57 UT           36   1.60 18.0  0.169
OG14235  30 2017 07 21.9  20.3429  -7.9565 19.4 Updated July 23.63 UT           35   1.67 19.2  0.111
A10321j  88 2017 07 21.3  16.6800  +2.9248 16.6 Updated July 23.41 UT           93   1.85 21.6  0.552
X50747  100 2017 07 20.5  16.4177  +5.7046 20.5 Added July 21.20 UT              3   0.03 20.8  3.117
ASASSN1   0 2017 07 19.3   2.6666  -9.1077 15.4 Updated July 23.71 UT           86   4.37 11.5  0.034
X50731  100 2017 07 19.6  20.4960 +13.8311 18.1 Added July 20.08 UT              3   0.03 25.0  4.006
YNA238A 100 2017 07 01.2  14.0851 -25.9269 17.7 Updated July 2.19 UT            10   0.93 23.7 21.548
