MiWa051 100 2017 08 18.3  22.3551  -9.7914 21.6 Added Aug. 19.82 UT              3   0.00 27.1  1.687
P10CF5o 100 2017 08 19.2  17.6048 +40.8652 21.7 Updated Aug. 19.96 UT            5   0.63 22.6  0.171
P10CF1G 100 2017 08 19.2  17.4592 +36.3496 21.4 Updated Aug. 19.92 UT            6   0.61 22.6  0.197
P10CEix  76 2017 08 19.3  21.5112 -14.9060 20.3 Added Aug. 19.73 UT              3   0.03 18.7  0.662
P10CEis  51 2017 08 19.3  21.6215 -14.5956 20.9 Updated Aug. 19.81 UT           11  22.96 19.4  0.647
P10CEit  77 2017 08 19.3  21.1419 -12.1388 22.1 Added Aug. 19.73 UT              3   0.04 22.1  0.658
P10CEir  82 2017 08 19.3  21.2632 -11.4304 22.1 Added Aug. 19.73 UT              3   0.04 22.7  0.656
P10CEii  88 2017 08 19.3  21.8531 -14.6875 21.8 Added Aug. 19.73 UT              3   0.04 22.8  0.650
P10CEdt  98 2017 08 19.3  21.9010 -15.5970 21.0 Updated Aug. 20.01 UT            6   0.59 26.3  0.089
P10CEdn 100 2017 08 19.3  21.6990 -11.5568 20.6 Updated Aug. 20.05 UT            9   0.65 27.9  0.051
P10CEdp 100 2017 08 19.3  21.9041 -12.0656 19.8 Updated Aug. 20.02 UT            9   0.61 22.8  0.081
P10CEdk 100 2017 08 19.3  21.4999 -10.1703 19.4 Updated Aug. 19.93 UT            7   0.53 25.2  0.171
P10CEdl  98 2017 08 19.3  21.4241  -9.5579 21.9 Updated Aug. 19.99 UT            6   0.58 26.3  0.120
P10CDDd 100 2017 08 18.5  23.7519 -12.7834 21.2 Added Aug. 18.90 UT              3   0.02 21.5  1.553
P10CDDc 100 2017 08 18.4  23.7273 -12.3834 20.8 Added Aug. 18.90 UT              4   0.03 20.5  1.553
P10CDDa  99 2017 08 18.4  23.3518 -10.1278 20.8 Updated Aug. 19.49 UT            7   0.99 22.4  0.600
P10CDCp 100 2017 08 18.4  23.0534 -10.9032 20.4 Updated Aug. 19.41 UT            5   0.91 21.4  0.683
P10CCr0 100 2017 08 18.4  22.1540 -20.6162 21.7 Added Aug. 18.77 UT              3   0.02 20.2  1.617
P10CCqX  75 2017 08 18.4  22.4157 -22.6191 21.6 Updated Aug. 19.16 UT            7  24.98 19.7  1.604
P10CCqZ 100 2017 08 18.4  22.9305 -16.9994 21.5 Added Aug. 18.77 UT              3   0.02 21.9  1.598
P10CCqR 100 2017 08 18.4  22.8550 -19.6990 21.5 Added Aug. 18.77 UT              3   0.02 22.2  1.610
P10CCqP 100 2017 08 18.4  22.1089 -21.4374 21.0 Updated Aug. 19.49 UT            6   1.00 25.1  0.634
P10CCqQ 100 2017 08 18.4  22.6985 -16.5725 21.6 Added Aug. 18.76 UT              3   0.02 22.7  1.597
P10CCqO 100 2017 08 18.4  22.1868 -21.4410 21.2 Added Aug. 18.76 UT              4   0.03 20.0  1.604
P10CC2n 100 2017 08 18.4  22.3194 -20.4162 21.9 Added Aug. 18.75 UT              3   0.03 23.4  1.604
P10CC2m 100 2017 08 18.4  22.4966 -17.5656 21.7 Updated Aug. 19.08 UT            8   0.60 24.7  1.035
P10CBXx 100 2017 08 18.4  22.7764 -21.2311 21.2 Updated Aug. 19.01 UT            7   0.53 22.5  1.105
P10CBfT 100 2017 08 18.4  21.9690 -16.3961 21.2 Updated Aug. 18.77 UT            8   0.07 19.6  1.608
P10CBfS  87 2017 08 18.4  22.0933 -22.4010 21.1 Updated Aug. 19.33 UT            9   0.90 21.6  0.771
P10CBdj 100 2017 08 18.4  21.4904 -20.1603 21.8 Added Aug. 18.73 UT              3   0.03 23.0  1.643
P10CAHj  99 2017 08 18.3  20.9927 -17.3897 19.9 Added Aug. 18.73 UT              4   0.03 27.1  1.651
P10CAya 100 2017 08 18.5   1.7913 -31.8042 21.4 Added Aug. 18.72 UT              3   0.01 21.8  1.523
P10CAxv 100 2017 08 18.5   1.4735 -27.1625 21.0 Added Aug. 18.71 UT              3   0.01 23.3  1.532
P10CAxu 100 2017 08 18.4  23.0860 -14.0068 21.3 Updated Aug. 19.02 UT            6   0.51 24.9  1.085
P10CAxt 100 2017 08 18.4  22.8958 -12.4535 21.4 Added Aug. 18.71 UT              3   0.03 20.6  1.557
P10CAxs 100 2017 08 18.4  22.8737  -7.0495 21.2 Added Aug. 18.71 UT              4   0.03 26.3  1.557
P10CAxq  98 2017 08 18.3  21.0534 -18.7710 19.8 Updated Aug. 19.26 UT           13   0.83 26.3  0.850
P10CAxp 100 2017 08 18.4  22.0707 -16.6116 19.9 Updated Aug. 19.41 UT           12   0.95 24.8  0.724
P10CAxo  78 2017 08 18.4  22.4220 -14.4818 18.6 Updated Aug. 20.07 UT           17   1.65 24.8  0.029
P10CAxk 100 2017 08 18.2  17.8780 +54.0376 21.9 Added Aug. 18.47 UT              4   0.04 19.8  1.770
OG14734  88 2017 08 18.1  22.8617  -9.1139 21.0 Updated Aug. 20.03 UT           13   2.57 26.8  0.076
P10CyBe 100 2017 08 17.4  22.5824 -13.1737 21.7 Added Aug. 18.11 UT              4   0.03 21.8  2.614
P10CyB9  95 2017 08 17.4  22.9884 -12.0486 22.6 Updated Aug. 19.81 UT            6   0.98 26.5  1.658
P10Cywf 100 2017 08 17.4  22.9466  -9.1596 20.9 Updated Aug. 19.22 UT            7  19.99 20.6  2.574
P10Cywg 100 2017 08 17.4  23.2410  -5.5004 21.8 Added Aug. 18.10 UT              4   0.03 21.7  2.571
P10CyB8 100 2017 08 17.4  22.6827  -3.3958 21.3 Updated Aug. 19.80 UT            6   0.97 25.3  1.665
P10CyBc 100 2017 08 17.4  22.0350 -14.9890 19.2 Updated Aug. 19.81 UT            6   0.97 19.7  1.678
P10CyBd 100 2017 08 17.4  22.4408 -13.9187 21.3 Added Aug. 18.09 UT              3   0.02 21.9  2.616
P10CyBa 100 2017 08 17.4  22.7311 -12.0372 20.8 Updated Aug. 19.83 UT           10   0.98 21.5  1.661
P10Cywc 100 2017 08 17.4  23.2017  -5.1461 22.3 Updated Aug. 19.90 UT            6   0.96 24.1  1.647
P10CxI1 100 2017 08 17.4  23.1889  -8.2874 21.6 Updated Aug. 19.81 UT            7   0.96 23.9  1.651
P10Cywb  94 2017 08 17.4  23.4625  -0.9986 22.8 Updated Aug. 19.80 UT            6   0.96 27.7  1.641
P10Cywd 100 2017 08 17.4  23.3283  -9.5365 21.1 Updated Aug. 19.83 UT           13   1.05 21.8  1.558
P10CxD1 100 2017 08 17.5   0.4744 -41.7761 21.5 Updated Aug. 19.81 UT            6   1.04 19.5  1.510
P10CxCu 100 2017 08 17.4  22.8012 -12.4789 21.4 Updated Aug. 19.81 UT            7   0.98 25.0  1.671
P10CxCw  98 2017 08 17.4  22.8451 -12.1626 21.7 Updated Aug. 19.80 UT            6   0.96 26.9  1.669
P10CxCs  93 2017 08 17.4  23.9008  +1.0211 20.4 Updated Aug. 19.90 UT           12   1.88 25.0  0.714
P10CxCq 100 2017 08 17.3  22.1018 -10.9407 22.0 Updated Aug. 19.81 UT            6   1.02 25.7  1.684
P10CwAt 100 2017 08 17.3  21.3186  -8.5052 22.2 Added Aug. 17.96 UT              4   0.04 20.0  2.661
P10CwAp  98 2017 08 17.3  20.8652 -20.1797 20.9 Updated Aug. 19.58 UT            6   0.98 26.1  1.703
P10CwAo 100 2017 08 17.3  21.8126 -12.1518 21.2 Updated Aug. 19.72 UT           10   2.05 26.3  0.651
P10CwAu  92 2017 08 17.3  21.8133  -8.3792 21.9 Updated Aug. 18.49 UT            6   1.08 22.7  1.620
P10CwAv  73 2017 08 17.3  21.1275  -9.9727 21.9 Updated Aug. 18.46 UT            7   1.06 20.1  1.651
P10CwAs   0 2017 08 17.3  21.3268  -5.6456 20.1 Updated Aug. 20.06 UT           23   4.58 26.7  0.088
P10CwAw 100 2017 08 17.3  21.8460 -15.3194 22.1 Added Aug. 17.93 UT              3   0.03 20.4  2.671
P10CwAn  98 2017 08 17.3  21.6917 -11.6863 22.4 Updated Aug. 19.80 UT            7   1.01 27.5  1.690
P10CwAl  88 2017 08 17.3  21.9565 -14.2095 21.1 Updated Aug. 19.83 UT           17   2.04 21.6  0.665
P10CwAh  88 2017 08 17.3  22.3999 -14.2967 20.9 Updated Aug. 20.04 UT           13   1.03 26.4  1.675
P10CvTH  88 2017 08 17.2  17.6250 +60.3472 20.8 Updated Aug. 19.98 UT           35   2.69 20.1  0.128
P10CvTG 100 2017 08 16.3  20.8802 -14.3582 21.8 Added Aug. 16.90 UT              4   0.04 21.9  3.718
P10CvPV  93 2017 08 16.5  23.9439 -34.4695 20.6 Updated Aug. 19.44 UT           13   2.90 24.8  0.653
A103rPj  93 2017 08 16.4  20.9463 -26.3107 19.6 Updated Aug. 19.04 UT           19   2.59 24.3  1.057
P10CvKK  86 2017 08 16.4  21.2779 +14.5881 20.7 Updated Aug. 18.39 UT            6   1.86 18.1  1.743
P10CvKN  75 2017 08 16.4  21.4470 +14.8896 20.5 Updated Aug. 18.94 UT            8   2.45 17.7  1.156
P10CvJf 100 2017 08 16.4  21.6391  +7.7795 21.1 Updated Aug. 18.82 UT           17   1.81 14.9  1.780
P10CuOn 100 2017 08 16.4  23.0124  +6.3385 22.1 Updated Aug. 18.69 UT            6   1.87 19.9  1.791
P10CtlY 100 2017 08 16.3  19.8939 -26.9987 20.6 Updated Aug. 19.82 UT            8   2.81 27.0  0.883
P10CrSB  95 2017 08 16.4   0.0363  -2.9930 20.9 Updated Aug. 18.76 UT           17   1.85 22.4  1.802
P10CrSF 100 2017 08 16.3  20.4728 -19.1331 21.4 Updated Aug. 19.23 UT            7   2.88 26.2  0.863
P10CrSz 100 2017 08 16.4  23.3761  +8.6617 20.8 Updated Aug. 18.68 UT            7   0.95 24.3  2.697
P10CpR9  72 2017 08 15.3  20.1225 -29.6263 21.6 Updated Aug. 16.15 UT            6   0.75 18.5  3.958
P10CpfD  65 2017 08 14.4  22.4451 -30.8165 19.4 Updated Aug. 19.33 UT           13   4.85 19.5  0.798
P10Cp1r  35 2017 08 14.2  16.1477 +33.2282 22.0 Updated Aug. 18.99 UT           22   3.91 16.6  1.905
P10CodL 100 2017 08 14.3  20.4492 -57.5086 21.2 Updated Aug. 14.88 UT            5   0.03 22.3  5.694
P10CodH 100 2017 08 14.3  19.8005 -61.0293 21.5 Added Aug. 14.71 UT              3   0.02 22.6  5.744
P10CodK 100 2017 08 14.3  21.3825 -40.3737 21.1 Added Aug. 14.71 UT              4   0.03 24.2  5.693
P10CnuY 100 2017 08 13.4  21.9218 -25.5470 20.3 Updated Aug. 14.78 UT            7   0.72 21.8  5.948
P10CmX6 100 2017 08 13.3  19.3823 -25.4347 21.1 Added Aug. 13.71 UT              3   0.03 22.0  6.728
P10CmX9 100 2017 08 13.3  19.4066 -24.9035 22.1 Added Aug. 13.70 UT              3   0.02 21.1  6.732
P10Cl1L 100 2017 08 09.5   1.5507 -29.0723 20.6 Updated Aug. 18.81 UT           11   9.05 19.5  1.525
P10Cky7  69 2017 08 08.5   2.8518 +43.8923 21.1 Updated Aug. 12.44 UT            7   3.84 18.3  7.670
P10Chhr 100 2017 08 03.5   3.3007 +14.7531 20.4 Updated Aug. 4.70 UT             8   0.97 18.0 15.528
N00bssw 100 2017 07 30.9  14.9701 -47.7796 21.5 Added Aug. 3.02 UT               8   0.59 23.7 19.528
P10CaXr  71 2017 08 01.5   2.9818  +6.0104 21.0 Updated Aug. 3.20 UT             7   1.53 17.8 16.962
N00bsm0 100 2017 07 28.5   3.2053 -11.2623 19.7 Added Aug. 1.01 UT              11   1.51 18.6 20.989
P10C4mV 100 2017 07 29.4  21.0556 -18.6533 20.4 Updated Aug. 3.08 UT             7   3.87 22.0 17.746
P10C30S 100 2017 07 27.5   0.6679  -2.0274 21.2 Updated Aug. 15.60 UT           13  18.90 21.4  4.625
P10C1BI  70 2017 07 27.3  19.6404 -16.0621 22.0 Updated July 29.60 UT            6   1.84 19.6 21.863
P10C0P2  71 2017 07 26.5  22.2180  +1.6095 21.0 Updated July 29.85 UT            8   3.05 20.5 21.525
P10BXiL  76 2017 07 26.4  20.2079  -7.7022 23.2 Updated July 31.61 UT           11   4.95 22.3 19.718
P10BWk4  83 2017 07 26.2  14.3581 +61.2386 22.0 Updated Aug. 16.97 UT           19  40.80 17.9  3.820
P10BUjh 100 2017 07 25.5  22.1054 -60.5287 22.2 Updated Aug. 3.41 UT             7   3.95 22.2 21.590
