P10BKNt 100 2017 06 26.2  15.0744 -26.8790 20.7 Added June 26.77 UT              3   0.02 20.0  0.475
P10BKyP 100 2017 06 26.2  15.3184 -26.0537 20.3 Added June 26.77 UT              4   0.03 21.5  0.461
YMA01CE  89 2017 06 26.4  21.0637  +5.2918 21.1 Added June 26.47 UT              4   0.02 19.1  0.319
YMA00ED 100 2017 06 26.4  21.7452  +2.5516 21.6 Updated June 26.48 UT            8   0.04 21.1  0.332
YMA009D 100 2017 06 26.4  21.5708  +5.4373 20.4 Updated June 26.49 UT            7   0.05 21.2  0.318
YM9FDCB 100 2017 06 26.3  17.7058 +29.2597 20.8 Updated June 26.46 UT            6   0.08 21.1  0.335
YM11C23 100 2017 06 26.3  20.2386  -7.1159 18.3 Updated June 26.49 UT           18   0.13 22.1  0.316
YM9FDC9 100 2017 06 26.3  17.4410 +36.2887 20.3 Updated June 26.49 UT           14   0.12 21.5  0.312
YM9FDB3  52 2017 06 26.3  17.4429 +21.7646 20.5 Updated June 26.39 UT            7   0.06 18.1  0.412
YM9FC56 100 2017 06 26.2  17.1152 +11.9334 20.9 Updated June 26.44 UT           11   0.14 21.3  0.359
YM9FC20 100 2017 06 26.2  16.0144  +0.3678 19.4 Updated June 26.48 UT            9   0.11 21.5  0.414
P10BKbr  88 2017 06 25.5  21.1059  -2.0712 20.6 Updated June 26.45 UT            7   0.90 19.1  0.347
P10BKbt 100 2017 06 25.5  21.2196  -1.3148 21.8 Added June 25.79 UT              3   0.02 20.4  1.219
P10BKam 100 2017 06 25.5  21.4527  -2.8892 21.2 Added June 25.77 UT              4   0.04 24.5  1.209
P10BJSm 100 2017 06 25.5  22.6163  +6.0218 21.3 Added June 25.76 UT              3   0.01 18.5  1.181
P10BJSl 100 2017 06 25.6  22.5338  +8.5522 21.1 Updated June 25.79 UT            3   0.02 21.8  1.176
P10BJrn 100 2017 06 25.4  20.2159 -10.3152 21.7 Updated June 26.59 UT           10   0.88 23.7  0.410
P10BIZg 100 2017 06 25.4  20.3976  -8.2282 21.0 Updated June 26.41 UT            6   0.89 19.7  0.400
P10BIIV 100 2017 06 25.4  19.3602 -37.0151 21.3 Added June 25.74 UT              3   0.03 19.8  1.304
P10BIIU 100 2017 06 25.4  19.6180 -35.8267 21.0 Added June 25.73 UT              4   0.03 18.9  1.305
P10BIIT 100 2017 06 25.4  19.5269 -35.0270 20.5 Added June 25.73 UT              3   0.02 21.8  1.314
P10BItd  10 2017 06 25.3  15.9516  +0.9370 20.6 Updated June 26.45 UT           34  67.67 16.7  0.539
P10BIke 100 2017 06 25.3  15.0058 -37.0124 20.3 Added June 25.71 UT              3   0.02 18.5  1.453
P10BIfs 100 2017 06 25.4  19.6339 -32.0243 21.6 Updated June 25.68 UT            6   0.21 21.8  1.120
YM9FA30  44 2017 06 25.2  17.4023 +30.8245 19.9 Updated June 26.35 UT            8   1.04 18.0  0.484
YM9FA3D 100 2017 06 25.3  16.0939 +27.4766 20.8 Updated June 26.27 UT           13   0.94 26.2  0.537
YM9FA2C  70 2017 06 25.2  16.7679 +20.7647 21.2 Updated June 26.37 UT            9   1.10 18.7  0.442
P10BHZ2  63 2017 06 24.5  22.0483 -31.2784 20.1 Updated June 26.45 UT           11   4.12 18.0  1.069
P10BHYZ 100 2017 06 24.5  22.1101 -29.8239 18.3 Added June 24.97 UT              3   0.03 17.7  2.202
P10BHZ0 100 2017 06 24.5  22.9378 -23.3760 21.2 Added June 24.97 UT              4   0.03 21.6  2.195
P10BHZ1 100 2017 06 24.5  22.8869 -30.6327 20.7 Added June 24.97 UT              4   0.03 19.0  2.197
P10BHXk 100 2017 06 24.3  16.9271 -13.3621 21.0 Updated June 25.54 UT            6   1.15 20.1  1.247
P10BHeV  55 2017 06 24.5  20.5199 -16.2693 19.5 Updated June 26.45 UT           19  29.17 18.3  1.041
P10BHeU 100 2017 06 24.5  20.9907 -19.4450 21.1 Added June 24.82 UT              3   0.02 21.0  2.238
P10BHeQ 100 2017 06 24.5  20.7226 -23.2462 21.5 Added June 24.82 UT              3   0.02 21.7  2.238
P10BHeT 100 2017 06 24.5  20.3283 -16.5158 21.6 Added June 24.81 UT              3   0.03 22.0  2.243
P10BHeO 100 2017 06 24.5  20.6656 -24.7581 20.2 Updated June 26.41 UT           10   1.88 21.6  0.395
P10BGqu  86 2017 06 24.4  19.5336 -45.2814 20.7 Updated June 25.58 UT            8   1.09 18.5  1.217
P10BGkW 100 2017 06 24.3  16.8969 -10.2566 21.2 Updated June 25.53 UT            7   1.12 19.1  1.269
P10BGkR  99 2017 06 24.3  16.7209 -12.6463 21.4 Updated June 25.37 UT            7   0.96 18.3  1.434
P10BGkT  60 2017 06 24.3  16.4629 -11.5470 20.6 Updated June 26.45 UT           14  65.79 19.0  1.445
P10BGkV 100 2017 06 24.3  16.2974 -13.6406 20.8 Updated June 26.45 UT           10   1.95 17.9  0.452
P10BGkU 100 2017 06 24.3  16.7805 -10.2956 20.3 Updated June 25.33 UT            7   0.92 19.7  1.471
P10BGkS  44 2017 06 24.3  16.7417 -16.1069 20.5 Updated June 26.33 UT            7   1.91 17.5  0.481
P10BFQO 100 2017 06 24.4  19.7996 -43.0269 21.1 Updated June 25.59 UT            7   1.10 25.7  1.206
P10BFQN 100 2017 06 24.4  19.9063 -44.1996 20.1 Updated June 25.61 UT            6   1.12 23.2  1.192
YM9F95E  74 2017 06 24.2  15.7034 +10.2038 19.8 Updated June 25.28 UT            7   1.04 17.4  1.524
YM9F927  98 2017 06 24.2  15.3762 +12.7255 20.6 Updated June 26.23 UT           14   2.01 20.7  0.576
P10BFQK 100 2017 06 23.3  16.9915  +0.0925 21.2 Updated June 23.91 UT            7   1.99 21.4  3.383
P10BFEd 100 2017 06 23.4  19.4566 -29.3160 21.6 Updated June 25.64 UT            7   2.17 21.9  1.152
P10BFC5 100 2017 06 23.4  19.5635 -22.6300 20.2 Updated June 26.05 UT            7   1.14 20.6  2.186
P10BFdV 100 2017 06 23.5  22.1645 -36.6853 19.9 Updated June 25.38 UT            6   1.05 21.6  2.177
P10BFe7 100 2017 06 23.5  22.0005 -31.7141 20.5 Updated June 25.72 UT            7   2.14 18.1  1.081
P10BF6v  73 2017 06 23.5  22.1054  +9.5800 20.7 Updated June 25.67 UT            6   1.85 18.5  1.427
P10BF6l 100 2017 06 23.5  22.1268  +9.4479 21.2 Added June 23.79 UT              3   0.02 19.2  3.239
P10BF6j  90 2017 06 23.5  21.7623  +8.6391 22.2 Updated June 26.60 UT            7   2.86 18.9  0.415
P10BF6k  60 2017 06 23.5  21.9197 +13.8245 21.5 Updated June 26.62 UT            6   2.84 19.1  0.432
P10BF6x  73 2017 06 23.5  21.9284 +16.0911 20.4 Updated June 23.82 UT            8  14.98 17.7  3.237
P10BESo  73 2017 06 23.4  17.4524  -1.0022 21.8 Updated June 23.81 UT            7   2.01 19.8  3.340
P10BESp  70 2017 06 23.4  17.6245  -8.1996 21.3 Updated June 24.46 UT            5   0.95 19.2  2.405
P10BESn  73 2017 06 23.4  17.4543  -5.4837 21.1 Updated June 24.30 UT            6   0.87 18.3  2.507
P10BESa  82 2017 06 23.4  16.9989  -2.8569 21.3 Updated June 24.25 UT            8   0.83 18.7  2.551
P10BES9  63 2017 06 23.4  17.0706  -6.6122 21.8 Updated June 26.59 UT            8   2.77 19.2  0.608
P10BES8  98 2017 06 23.4  17.1109  -2.4429 22.3 Updated June 25.62 UT            7   1.79 23.6  1.576
P10BES7 100 2017 06 23.4  17.2949  -4.6047 21.6 Updated June 26.45 UT           10   1.11 18.8  2.268
P10BEKs 100 2017 06 23.4  17.0486  -6.4803 22.0 Updated June 25.73 UT           12   1.78 20.7  1.603
P10BEub  68 2017 06 23.3  16.8768  +0.2732 21.0 Updated June 24.37 UT            7   0.91 18.1  2.515
P10BEua  68 2017 06 23.3  16.9281  -6.2212 21.1 Updated June 24.41 UT            6   1.00 18.3  2.429
P10BEu7  79 2017 06 23.3  16.2410  -7.8356 21.1 Updated June 24.36 UT           11   0.88 17.9  2.548
P10BEu8  74 2017 06 23.3  16.6866  +0.4294 22.1 Updated June 24.40 UT            7   1.00 19.2  2.428
P10BEu6  89 2017 06 23.3  16.7754  -1.0520 21.0 Updated June 24.24 UT           11   0.87 17.9  2.560
P10BEu5  52 2017 06 23.3  16.9105  -6.8750 21.9 Updated June 26.58 UT           12   2.77 19.7  0.644
P10BEt9 100 2017 06 23.3  16.7596  -7.9358 21.6 Updated June 24.42 UT            6   1.05 22.5  2.384
P10BEt6 100 2017 06 23.3  16.6733  -0.7041 22.0 Updated June 26.45 UT           13   1.78 19.4  1.647
P10BEt5  87 2017 06 23.3  16.8590  -6.4466 20.7 Updated June 26.66 UT           14   2.83 22.4  0.598
P10BEt1 100 2017 06 23.3  16.9692  -5.9739 21.5 Added June 23.56 UT              3   0.03 24.4  3.404
P10BEcj 100 2017 06 23.3  13.6563 +40.2436 21.5 Updated June 24.56 UT           11   0.98 18.6  2.497
P10BEce  98 2017 06 23.3  16.3095  -5.8925 21.4 Updated June 26.65 UT           12   2.80 18.4  0.632
OG14001  58 2017 06 23.0  18.4808  -6.7310 18.7 Updated June 26.10 UT           28   2.92  7.8  0.793
YM9F845 100 2017 06 23.4  19.8953 -10.1051 20.0 Updated June 24.34 UT            8   0.90 21.0  2.461
P10BDXM 100 2017 06 22.5  21.8865 -33.0584 21.1 Updated June 23.46 UT            7   0.89 19.5  3.338
P10BDXL 100 2017 06 22.5  20.8801 -23.1408 19.8 Updated June 25.15 UT           14   1.90 19.9  2.330
P10BDXJ 100 2017 06 22.5  22.6536 -17.6272 19.8 Added June 22.74 UT              3   0.04 22.0  4.189
P10BDXK 100 2017 06 22.5  22.1638 -30.2408 21.7 Updated June 25.15 UT            7   1.06 22.0  3.165
P10BDDX  95 2017 06 22.5  18.1293 +27.3363 21.6 Updated June 26.66 UT           13   3.79 22.2  0.485
A102KPh 100 2017 06 22.3  16.0025 -26.8585 17.8 Added June 22.69 UT              4   0.03 23.8  4.413
P10BDDW  58 2017 06 22.3  12.9154 +47.9968 21.7 Updated June 26.41 UT           16   3.96 14.1  0.513
P10BDk1 100 2017 06 21.5  22.0891 -21.0413 21.4 Updated June 24.48 UT            7   2.88 19.5  2.341
P10BD2o  71 2017 06 21.5  19.9431 -24.3590 21.1 Updated June 26.45 UT           12   4.09 20.6  1.170
P10BCB4 100 2017 06 21.4  21.1465  +1.3450 21.2 Updated June 24.43 UT            9   2.93 21.4  2.379
P10BCn4 100 2017 06 20.5  21.3849 -47.6718 20.8 Updated June 25.70 UT            9   5.13 20.4  1.094
P10BClz  97 2017 06 20.5  20.7991 -44.9789 20.4 Updated June 26.45 UT            9   5.16 19.1  1.106
