P10CWKO  69 2017 09 06.5   1.4349 +52.2727 19.8 Updated Sept. 7.31 UT            7   0.70 17.4  1.150
P10CWz2 100 2017 09 06.3  17.6022 +14.7720 21.0 Updated Sept. 8.29 UT            6   1.96 19.3  0.169
P10CWyD 100 2017 09 05.6   3.5506 -31.3663 20.7 Updated Sept. 7.70 UT            7   1.44 18.2  1.387
P10CWto 100 2017 09 03.5   3.8454 -38.9734 20.5 Added Sept. 3.81 UT              4   0.02 18.9  4.832
P10CWtm 100 2017 09 03.6   4.2135 -39.0011 21.1 Added Sept. 3.80 UT              3   0.01 18.9  4.812
P10CWtn 100 2017 09 03.6   4.3256 -35.0384 20.3 Added Sept. 3.80 UT              2   0.01 18.2  4.819
P10CWqd 100 2017 09 03.4   1.2104 +27.6918 20.6 Added Sept. 3.72 UT              4   0.03 18.9  4.921
YRAC372 100 2017 09 03.4   2.6948 +21.0504 21.3 Updated Sept. 6.61 UT           10   2.92 21.1  2.036
YRAC389 100 2017 09 03.4   2.8602 +19.3648 19.6 Added Sept. 3.52 UT              4   0.01 18.1  4.948
gM92005 100 2017 09 03.1   1.1793 +10.4592 19.3 Added Sept. 3.30 UT              4   0.03 18.3  5.294
gM92004 100 2017 09 03.1   1.0867  +4.4005 19.9 Added Sept. 3.30 UT              4   0.03 20.8  5.294
P10CVXQ 100 2017 09 02.4   1.2164 +13.4104 19.6 Updated Sept. 6.59 UT           17   3.85 20.5  2.148
P10CVXS 100 2017 09 02.4   0.4113  +9.7437 21.5 Updated Sept. 4.61 UT            7   1.87 21.9  4.144
P10CVXR 100 2017 09 02.4   0.3125  +7.3555 21.1 Updated Sept. 6.13 UT           12   2.99 20.7  3.021
P10CVSP  98 2017 09 02.5   2.1315  +2.7254 19.8 Added Sept. 2.86 UT              3   0.03 17.9  5.824
A103Lxb 100 2017 09 02.4  23.0818  -2.3553 22.2 Added Sept. 2.84 UT              5   0.03 27.5  5.980
YRAAE7C  98 2017 09 02.4  10.2557 +18.4542 99.9 Updated Sept. 2.53 UT           14   0.08 28.6  5.943
A103K6W 100 2017 08 28.4  23.5356 -46.5054 17.6 Added Sept. 2.12 UT              4   0.01 19.3 10.929
A103K6V 100 2017 08 28.4   2.6280 -51.0905 19.8 Added Sept. 2.12 UT              7   0.03 22.9 10.949
YRAAD52 100 2017 09 01.1   0.3529 -48.5437 20.4 Added Sept. 1.50 UT              2   0.00 23.0  7.255
YRA9FF1 100 2017 09 01.4  22.3526 -26.6883 20.9 Updated Sept. 3.62 UT           11   1.03 23.6  6.002
YRA8F50 100 2017 09 01.4  23.3364 -25.9520 22.9 Added Sept. 1.45 UT              4   0.01 25.8  7.018
YRA8DB7  88 2017 09 01.3  15.5487 -29.1201 24.5 Updated Sept. 2.52 UT           17   0.83 27.8  6.218
YRA8ABA  39 2017 09 01.3  22.1100 +20.5021 20.7 Updated Sept. 8.33 UT           14   7.00 19.1  0.120
P10CTll 100 2017 08 31.4   0.7740  -7.1875 21.0 Updated Sept. 1.45 UT            6   0.98 21.4  6.992
P10CSmR 100 2017 08 31.5   0.5821  -9.2101 21.2 Updated Sept. 1.32 UT            7   0.80 20.7  7.128
P10CSkW 100 2017 08 31.5   0.7089  -3.7976 21.1 Updated Sept. 2.31 UT           10   1.79 21.3  6.135
P10CSkU 100 2017 08 31.5   2.6853  +2.1430 21.5 Added Aug. 31.99 UT              3   0.04 25.7  7.891
P10CRlH  98 2017 08 31.5   1.5037  +1.1610 20.3 Updated Sept. 1.38 UT            7   0.81 19.6  7.063
YQA7C3B  55 2017 08 31.2  21.3673 +11.3640 20.8 Updated Sept. 8.30 UT           18   7.99 18.2  0.143
A103ECE 100 2017 08 26.5  23.3604 -21.5864 21.6 Added Aug. 29.00 UT              4   0.03 24.5 12.849
X51870  100 2017 08 27.8   2.7478 -13.5955 20.6 Added Aug. 28.09 UT              3   0.03 21.0 11.586
P10CPJO 100 2017 08 27.2  19.2647 -44.2115 21.3 Added Aug. 27.39 UT              4   0.03 20.9 12.120
P10CPcV 100 2017 08 26.2  21.3139  -3.0409 24.6 Added Aug. 26.77 UT              3   0.03 26.9 13.111
P10COj1 100 2017 08 24.4  21.0178  -8.4055 22.8 Added Aug. 24.87 UT              3   0.02 22.0 14.984
