21.01
20.48
21.11
17.46
19.88
15.61
17.09
21.42
20.68
21.15
20.7
20.4
19.47
21.23
16.63
21.43
20.04
21.17
19.69
21.31
21.58
21.52
21.01
20.88
16.92
21.33
15.17
21.24
20.93
21.06
21.43
20.15
20.2
21.1
20.81
20.83
19.1
18.05
21.33
21.55
20.86
19.21
19.26
19.19
20.47
19.53
21.43
11.02
20.77
20.3
20.68
17.08
21.17
20.7
19.96
21.99
21.
18.28
20.49
21.23
20.56
21.12
15.62
20.7
21.02
19.1
19.87
20.91
20.65
21.09
21.56
21.14
18.95
16.46
16.45
17.3
15.89
20.53
20.01
19.06
18.51
21.46
20.02
21.43
18.75
14.81
17.68
20.14
20.88
19.01
21.64
20.03
15.86
20.8
20.64
20.39
21.29
18.14
14.32
21.15
18.27
20.42
17.47
21.13
19.76
21.
18.75
21.22
20.54
20.67
20.17
21.18
20.5
18.62
18.97
18.02
20.83
17.72
19.17